0	1	100.05099999999999
0	2	236.03199999999998
0	3	182.96900000000002
0	4	353.073
5	6	70.87299999999999
5	7	135.564
5	4	473.19899999999996
7	8	36.571
7	9	269.02099999999996
7	5	135.564
10	11	85.30600000000001
10	12	178.347
10	13	245.82000000000002
14	15	356.72499999999997
9	7	269.02099999999996
8	7	36.571
8	16	50.709
8	17	103.491
18	19	118.282
20	21	2.993
22	23	241.269
22	24	122.71699999999998
22	25	242.11299999999997
26	27	3.777
26	28	224.363
26	29	54.97800000000001
30	31	181.34699999999998
32	33	17.468
32	34	24.797
32	35	97.05699999999999
36	37	285.57
36	38	229.008
36	39	13.027000000000001
33	40	10.459
33	32	17.468
33	41	135.236
42	43	391.955
44	45	22.832
44	46	60.833
44	47	54.448
48	49	136.48
48	50	48.137
48	51	141.78300000000002
45	44	22.832
52	53	68.85000000000001
52	54	167.82000000000002
52	55	112.81700000000001
56	57	1592.2519999999993
56	58	404.257
56	59	626.9010000000001
60	61	27.429
60	62	160.893
63	64	3.972
63	65	31.766000000000002
64	66	3.948
64	67	84.053
68	63	4.171
69	70	234.57299999999998
71	72	118.44500000000001
62	73	68.401
62	74	486.23400000000004
62	60	160.89299999999997
75	76	286.67
77	78	14.442
77	79	252.62900000000005
77	80	203.393
81	50	29.571
81	41	308.248
81	82	127.806
83	84	72.687
83	78	66.63499999999999
82	81	127.806
85	86	7.85
85	87	21.985
88	89	50.096
88	90	34.601
88	91	39.308
92	93	285.18899999999996
94	95	95.24799999999999
94	96	109.112
94	97	138.45600000000002
94	98	593.054
99	100	167.00900000000001
99	101	118.72
99	102	202.62699999999998
103	104	187.99599999999998
103	105	142.828
103	106	46.007
95	94	95.248
107	108	104.443
107	109	240.924
107	110	160.087
110	111	299.53899999999993
110	112	349.6430000000001
110	107	160.087
113	114	113.63299999999998
113	115	51.601
113	116	85.327
117	118	8.785
117	119	42.375
74	62	486.23400000000004
74	120	52.879999999999995
121	122	22.666000000000004
121	123	58.781
121	124	192.75
96	114	148.604
96	94	109.112
96	115	77.149
125	126	85.475
125	127	124.254
125	128	92.777
129	130	46.089
129	131	84.643
129	132	96.73499999999999
133	134	10.552
133	135	59.919000000000004
136	137	106.825
136	137	426.16100000000006
136	138	190.947
136	139	91.787
140	141	44.108
140	134	37.452
51	48	141.78300000000002
141	142	152.43
143	144	137.334
143	145	27.704
146	147	38.007999999999996
146	148	115.76700000000001
146	149	92.246
132	129	96.73499999999999
149	146	92.246
150	151	126.13999999999999
150	152	366.75300000000004
150	153	663.6120000000002
154	155	93.94300000000001
154	156	54.163000000000004
154	157	56.638
158	159	103.24199999999999
158	160	169.56
158	161	108.797
162	163	271.48299999999995
137	136	106.825
137	136	426.161
137	164	79.116
159	158	103.24199999999999
159	165	187.106
159	166	443.45500000000004
152	150	366.753
152	167	236.49800000000002
152	168	162.23200000000003
169	170	29.658
169	171	159.473
169	172	495.35400000000004
126	173	75.35700000000001
126	125	85.475
126	174	230.323
171	169	159.47299999999998
175	176	162.968
177	178	229.099
177	179	161.999
177	180	182.79099999999997
177	181	291.9
182	183	21.886
182	184	75.112
182	185	243.68900000000002
186	184	46.727
173	187	93.299
173	126	75.357
173	174	68.62499999999999
188	189	111.017
188	100	139.48399999999998
188	97	21.832
190	191	360.97999999999996
190	192	89.71000000000001
190	193	163.97
100	194	117.332
100	188	139.48399999999998
100	99	167.009
187	173	93.299
187	195	87.238
187	127	108.605
192	190	89.71
192	196	75.696
192	191	146.858
197	198	14.056
197	116	351.84499999999997
197	199	16.715
200	201	281.32400000000007
200	202	129.045
200	203	63.03999999999999
191	190	360.9800000000001
191	204	483.0379999999999
191	192	146.858
205	70	136.594
205	206	73.037
205	207	182.01800000000003
208	209	199.761
208	210	384.24
208	211	131.324
212	213	45.992000000000004
212	214	29.734
195	187	87.238
195	215	60.830000000000005
195	216	79.41499999999999
195	217	107.151
218	219	99.10999999999999
218	206	65.988
218	220	216.75900000000001
218	221	30.02
222	223	133.055
224	225	31.347
224	226	24.131
226	225	21.077
227	228	19.247
227	229	8.829
230	231	256.041
230	213	28.796999999999997
230	232	271.53799999999995
233	227	19.19
234	235	131.21
234	236	327.54800000000006
234	237	185.39499999999998
238	239	152.03900000000002
238	240	149.805
238	241	145.514
238	242	258.988
243	244	211.46699999999998
243	239	48.584
243	245	112.182
235	234	131.21
235	235	36.824
246	247	275.409
248	249	77.813
250	251	60.964
252	253	185.723
196	254	82.037
196	255	92.253
196	192	75.69600000000001
256	257	32.699
256	258	22.597
256	259	25.482
255	260	43.103
255	261	76.83099999999999
255	196	92.25300000000001
262	98	201.984
263	264	236.45800000000003
264	265	68.726
264	263	236.45799999999997
264	266	464.40900000000016
265	264	68.726
267	268	36.867000000000004
267	269	25.230000000000004
267	270	266.42
268	269	20.957
268	271	29.216
54	272	100.81700000000001
54	52	167.82
54	165	61.60000000000001
273	274	69.857
273	266	57.94800000000001
273	275	253.916
276	277	114.731
276	278	227.535
276	279	142.644
280	281	258.655
280	282	161.268
280	283	100.62899999999999
284	285	17.329
284	144	2139.9909999999995
284	286	523.3580000000001
287	275	103.475
287	274	252.502
287	288	54.205
281	245	98.759
281	289	135.866
281	280	258.655
290	291	85.55000000000001
292	293	48.73
294	295	14.193
294	296	38.839999999999996
297	298	60.555
297	299	76.713
297	300	61.39
274	273	69.857
274	275	155.738
274	287	252.502
275	287	103.475
275	274	155.738
275	273	253.91600000000003
301	290	25.918
301	302	16.852
299	297	76.713
293	303	24.016
293	304	322.53299999999996
305	306	170.882
305	307	218.76800000000006
305	308	379.53799999999995
305	309	518.975
310	311	21.302999999999997
310	312	234.24900000000002
310	303	93.31700000000001
313	314	82.067
315	189	39.905
316	317	92.559
316	318	61.513
316	106	43.406000000000006
316	319	337.028
320	311	33.48
320	321	196.47400000000002
322	323	46.903
322	324	21.227
322	1	255.68800000000005
325	47	55.078
325	326	323.081
325	327	131.73499999999999
325	328	320.73999999999995
261	329	34.636
261	330	126.34700000000001
261	255	76.831
330	331	37.906
330	261	126.34699999999998
330	332	168.028
333	334	153.25400000000002
216	335	57.599999999999994
216	195	79.41500000000002
216	336	280.686
321	337	18.364
321	320	196.474
338	339	31.535000000000004
338	340	74.53200000000001
341	342	126.929
341	343	409.22599999999994
344	345	396.33799999999997
344	346	93.388
344	347	183.102
102	101	279.742
102	348	96.141
102	99	202.62699999999998
337	349	58.237
337	350	42.762
247	351	95.048
247	352	266.137
247	246	275.409
353	354	6.017
353	355	33.278999999999996
25	160	301.29
25	22	242.11299999999997
25	356	549.6
354	357	2.804
354	358	27.431
349	359	74.39500000000001
349	353	33.832
349	355	46.701
170	169	29.658
138	360	64.11
138	361	66.589
138	136	190.94700000000003
362	363	65.901
362	364	91.991
362	365	153.926
365	362	153.92599999999996
366	367	92.99600000000001
366	368	193.874
366	369	214.917
370	371	159.99200000000002
370	372	71.401
370	373	77.058
374	375	36.262
374	376	239.174
374	377	56.935
378	379	110.57600000000001
373	380	159.076
373	370	77.058
373	381	46.313
382	383	91.265
382	384	14.710999999999999
382	15	247.80900000000005
385	244	71.392
385	386	84.08699999999999
385	387	187.635
388	389	25.953
388	390	256.16299999999995
388	391	24.411
392	393	327.868
392	394	297.80000000000007
392	369	159.65300000000002
395	396	62.631
395	397	138.293
395	398	36.791
396	395	62.631
396	399	131.662
396	400	86.96700000000001
401	402	72.636
401	403	167.947
401	404	95.732
399	396	131.662
405	406	68.272
405	151	616.894
405	407	50.62
408	409	175.304
408	410	32.222
408	411	288.09
406	405	68.272
400	396	86.96700000000001
412	413	155.373
412	326	49.44799999999999
412	414	109.56099999999999
413	412	155.37300000000002
326	327	265.074
326	325	323.081
326	412	49.44799999999999
415	416	69.188
415	417	103.804
415	418	428.02199999999993
415	19	95.846
97	419	35.649
97	188	21.832
97	94	138.45600000000002
419	97	35.649
420	421	9.66
422	423	100.501
424	425	11.991
424	426	27.
427	428	11.767
427	429	101.667
164	430	110.187
164	431	37.327
164	137	79.116
430	432	24.872999999999998
430	164	110.187
430	360	242.36
430	433	173.44199999999998
327	326	265.074
327	325	131.735
327	434	93.56900000000002
407	435	34.264
407	405	50.62
407	436	96.742
429	257	108.67800000000001
429	428	101.433
411	437	133.921
411	438	258.536
411	408	288.09
411	439	308.385
440	441	155.331
328	59	92.15700000000001
328	325	320.74
435	407	34.264
435	442	33.064
435	414	90.351
443	444	388.31500000000005
443	307	580.0519999999999
443	445	47.511
443	446	125.43100000000001
447	448	206.53600000000003
447	449	133.309
446	450	331.38399999999996
446	15	108.75500000000001
446	443	125.431
342	451	8.955
342	452	80.04400000000001
414	436	33.864
414	435	90.351
414	412	109.56099999999999
453	454	38.198
453	455	185.839
453	456	68.221
360	138	64.11
360	430	242.35999999999999
360	457	100.162
442	435	33.064
434	458	120.539
434	327	93.56899999999999
434	459	226.48999999999998
460	461	85.203
460	462	202.526
460	463	56.852
464	465	84.113
464	466	122.53999999999999
464	467	27.453
456	468	356.07000000000005
456	453	68.221
456	469	39.965
470	462	255.852
470	471	71.815
470	463	28.016
472	458	230.208
472	473	38.103
472	474	327.18300000000005
466	464	122.54
237	475	70.11
237	476	396.6940000000001
237	234	185.39500000000004
477	361	232.65
477	478	169.34699999999995
477	479	51.352
462	480	85.38799999999999
462	460	202.526
481	482	198.357
481	483	64.007
481	484	91.264
485	486	25.487000000000002
485	487	49.652
488	489	209.166
488	490	175.751
488	491	118.23800000000001
473	472	38.103
492	493	149.30599999999998
494	495	99.822
494	474	167.12
494	496	58.226
495	494	99.822
40	34	11.002
40	33	10.459
40	50	196.55499999999995
497	376	12.177999999999999
288	287	54.205
331	498	56.788
331	499	165.649
331	330	37.906000000000006
500	501	101.34899999999999
500	47	67.622
500	458	213.314
502	503	65.418
502	504	69.593
502	468	351.6860000000001
499	505	156.93200000000002
499	506	80.963
499	331	165.649
499	507	113.071
379	378	110.57600000000001
379	508	114.74000000000001
379	418	78.56
379	509	58.023
506	510	228.06899999999996
506	499	80.96300000000001
506	507	110.837
203	200	63.04
203	511	256.537
512	252	176.25900000000001
513	512	12.632
513	514	214.628
504	502	69.593
458	472	230.208
458	434	120.539
458	500	213.314
514	515	7.686
514	516	44.269999999999996
517	514	12.043
517	512	210.505
501	496	34.515
501	500	101.34899999999999
501	518	118.8
518	501	118.8
302	292	55.09
302	520	58.004000000000005
302	290	16.412
521	522	36.956
523	522	54.334
522	521	36.956
522	523	54.334
522	524	82.645
525	526	51.735
525	527	31.889
526	528	113.589
515	529	11.72
515	530	253.3
529	517	11.053
531	519	65.524
531	532	473.98300000000006
531	49	2116.697999999999
519	533	94.956
519	531	65.524
534	535	348.971
534	27	549.2819999999999
534	536	484.475
533	519	94.956
174	173	68.625
174	537	44.995000000000005
174	126	230.32299999999998
47	325	55.078
47	500	67.622
47	44	54.448
279	538	107.379
279	314	62.07600000000001
279	276	142.644
539	540	394.583
539	541	343.60799999999995
539	542	55.658
543	167	149.247
543	210	289.825
543	209	456.06600000000003
251	250	60.964
251	544	38.797
251	459	87.266
538	279	107.379
496	501	34.515
496	545	109.094
496	494	58.226
546	547	50.636
542	548	33.169
542	549	68.54
542	539	55.657999999999994
550	551	132.704
552	553	6.804
552	253	13.056
552	554	184.28199999999998
253	552	13.056
253	555	368.91200000000003
548	542	33.169
548	556	98.807
548	128	97.431
557	544	176.77300000000002
541	558	339.31999999999994
541	539	343.60799999999995
541	559	135.951
269	178	169.20600000000002
269	268	20.957
269	267	25.230000000000004
269	560	125.69299999999998
561	562	151.398
561	563	34.403999999999996
561	564	81.41
545	496	109.094
545	474	147.82299999999998
545	46	179.262
565	566	216.178
555	567	24.765
555	568	18.279
46	545	179.262
46	44	60.833
46	569	32.123
524	522	82.645
524	217	101.46300000000001
524	562	110.85399999999998
567	497	5.699
570	571	7.423
570	572	284.425
573	574	218.87999999999997
575	576	51.432
575	577	28.23
510	578	25.839
510	579	131.533
510	506	228.06900000000002
578	510	25.839
578	580	40.308
581	582	100.38
581	583	59.14999999999999
581	584	257.166
585	586	35.054
585	587	101.976
585	588	47.981
587	346	131.215
587	585	101.976
587	589	46.302
589	587	46.302
590	591	8.843
590	592	38.831
590	593	33.129999999999995
594	595	30.921
594	233	8.238
596	597	95.00800000000001
596	598	106.29500000000002
599	139	199.623
599	600	196.381
599	404	287.707
139	601	22.38
139	599	199.623
139	136	91.78699999999999
595	233	35.013999999999996
595	602	125.351
603	604	203.02200000000002
603	605	62.93300000000001
604	606	103.985
604	607	215.518
604	603	203.02200000000005
604	608	76.232
115	423	33.659
115	96	77.149
115	113	51.601000000000006
609	610	8.577
609	611	109.319
423	422	100.50099999999999
423	612	83.075
423	115	33.659
194	613	110.562
194	100	117.332
194	612	93.79
614	615	8.435
614	616	132.96
614	617	151.10899999999998
558	618	217.249
558	480	223.885
558	541	339.3200000000001
619	620	8.814
619	621	50.57
619	622	97.24399999999999
623	624	18.406
623	625	163.94299999999998
623	615	186.512
625	626	200.995
625	623	163.943
625	58	1125.271
627	628	93.987
627	602	219.77700000000002
629	630	40.175
629	565	54.716
12	10	178.34699999999998
12	631	115.63199999999999
12	632	132.76399999999998
633	634	197.01699999999997
633	635	327.979
633	490	218.56199999999998
633	580	281.70099999999996
636	637	114.54400000000001
634	633	197.01700000000002
634	638	344.84000000000003
634	491	96.39200000000001
639	640	30.061
639	286	19.207
639	641	184.59799999999998
642	643	196.73700000000002
642	644	33.414
642	493	414.2510000000001
645	626	65.033
645	615	182.36399999999998
645	646	92.269
644	647	122.436
644	648	192.83300000000003
644	642	33.414
649	650	9.533
649	651	72.792
652	653	193.619
652	654	101.68200000000002
652	655	172.012
568	656	5.677
568	552	383.61899999999997
568	567	15.782
286	639	19.207
286	640	29.826999999999998
286	284	523.358
632	619	40.188
632	12	132.76399999999998
657	658	102.88
109	659	59.303000000000004
109	107	240.92400000000004
109	660	234.73899999999998
335	661	109.59400000000001
335	662	125.99700000000001
335	216	57.6
663	664	54.894
665	295	8.299
665	294	10.139
665	666	102.169
667	668	98.40400000000001
669	371	141.907
669	670	77.236
669	104	106.763
671	668	86.89200000000001
671	672	123.65899999999998
671	673	124.31599999999999
673	671	124.316
674	675	92.485
674	676	51.173
674	677	61.694
674	678	47.789
676	679	125.559
676	674	51.173
676	680	107.71600000000001
681	682	321.61800000000005
681	683	239.39999999999998
681	684	226.422
685	686	67.87299999999999
687	688	111.326
689	690	20.703
689	691	50.46900000000001
689	389	133.185
692	693	281.701
692	220	100.05499999999999
692	694	150.961
692	695	123.939
690	689	20.703
372	359	56.88100000000001
372	696	161.82399999999998
372	370	71.401
398	697	88.011
398	395	36.791
398	484	196.91699999999997
417	698	105.95100000000001
417	415	103.804
417	699	67.434
659	700	33.122
659	109	59.303000000000004
659	701	182.11399999999998
701	659	182.114
701	702	131.77800000000002
703	704	143.72799999999998
705	706	57.50499999999999
705	707	46.049
700	708	16.654
700	659	33.122
700	709	63.849000000000004
710	711	115.58500000000001
710	708	114.63300000000001
710	701	364.747
142	712	109.60499999999999
142	713	129.86900000000003
714	715	1554.6559999999997
714	716	214.578
714	364	120.52799999999999
717	718	15.699
717	719	98.202
717	720	123.037
364	362	91.99099999999999
364	714	120.52799999999999
364	721	58.43
364	722	137.791
723	724	36.979
723	553	26.326
553	552	6.804
553	723	26.339000000000002
725	726	71.42699999999999
725	727	145.298
725	728	93.57499999999999
626	625	200.995
626	729	86.912
626	645	65.03299999999999
730	480	146.
730	731	247.55599999999998
730	732	138.399
730	375	126.79499999999999
733	516	167.167
733	128	42.878
734	735	139.49699999999999
734	736	183.218
734	737	88.385
738	739	80.484
101	99	118.72
101	102	279.742
101	740	305.081
741	128	207.358
741	742	54.242999999999995
743	89	73.704
743	744	200.49900000000002
549	549	353.54699999999997
549	549	353.5470000000001
549	542	68.54
576	745	842.2060000000002
576	746	1254.3619999999994
576	575	50.459
576	747	550.841
748	749	10.28
559	541	135.951
559	540	85.613
559	724	38.017
750	751	122.12499999999999
750	387	46.902
750	752	207.83999999999997
735	734	139.49699999999999
752	750	207.84
579	638	107.959
579	510	131.533
579	204	89.065
753	754	77.906
753	584	74.306
753	755	71.639
756	3	354.31500000000005
757	178	93.075
716	714	214.57799999999997
716	758	106.03999999999999
716	759	215.584
716	760	297.32399999999996
761	762	13.407
761	763	318.878
58	764	248.28200000000004
58	56	404.257
58	765	389.09800000000007
58	625	1125.2710000000002
766	748	8.923
766	767	92.594
768	655	40.124
359	769	128.315
359	372	56.881
359	349	74.395
770	135	222.28400000000002
771	424	10.1
771	772	27.147000000000002
773	774	422.929
773	775	36.663
773	776	113.711
765	777	109.461
765	778	223.986
765	58	389.09799999999996
779	780	69.361
779	781	278.191
779	782	55.321
719	783	397.439
719	783	445.953
719	717	98.202
781	779	278.1909999999999
784	785	170.244
784	786	74.351
784	787	82.63100000000001
3	788	154.741
3	756	354.31499999999994
3	0	182.969
789	590	58.37599999999999
789	790	241.85299999999998
786	791	176.574
786	792	79.733
786	784	74.351
1	718	251.70499999999998
1	0	100.051
1	322	255.68800000000002
509	793	225.02
509	418	54.919
509	379	58.022999999999996
479	794	505.97599999999994
479	794	155.31000000000003
479	477	51.352000000000004
795	796	8.778
795	797	14.683
718	717	15.699
718	737	299.16800000000006
718	1	251.705
798	532	265.091
799	800	41.149
799	801	37.74
797	802	15.794
796	803	10.67
796	799	636.263
804	805	98.394
804	806	132.63899999999998
807	157	150.919
808	809	111.709
808	810	37.515
808	123	71.446
123	811	196.161
123	121	58.781
123	808	71.446
812	813	144.707
812	814	146.346
812	815	117.982
105	805	124.638
105	816	145.239
105	103	142.82799999999997
105	817	186.466
122	818	113.04499999999999
122	121	22.666000000000004
122	819	70.069
820	821	63.475
820	822	80.681
820	823	79.499
824	825	66.13900000000001
823	820	79.499
823	826	126.60900000000001
823	827	67.579
826	823	126.60899999999998
155	154	93.94300000000001
828	124	75.777
828	818	126.20799999999998
828	829	120.15599999999999
830	831	93.25
463	832	74.79
463	470	28.016
463	460	56.852
611	609	109.31900000000002
611	833	241.88300000000004
611	834	315.997
835	836	75.439
835	547	59.223
835	467	96.102
837	838	60.161
837	776	114.759
838	837	60.161
838	839	107.324
493	767	86.341
493	492	149.306
493	642	414.25100000000003
840	841	11.171
840	842	297.649
843	189	127.626
818	829	155.732
818	122	113.045
818	828	126.208
844	845	94.61699999999999
189	315	39.905
189	843	127.626
189	188	111.017
189	846	86.356
811	123	196.161
811	124	95.868
811	847	79.146
848	849	127.58600000000001
848	693	87.86300000000001
848	850	124.986
418	509	54.919
418	379	78.56
418	415	428.02200000000005
819	122	70.069
841	840	11.171
841	851	355.80999999999995
841	852	375.51000000000005
2	0	236.03199999999998
2	853	125.67999999999999
2	854	112.689
855	726	97.71400000000001
855	156	82.044
855	856	96.32400000000001
853	2	125.67999999999999
726	725	71.42699999999999
726	855	97.714
726	857	94.751
857	726	94.75099999999999
858	859	116.713
858	157	198.45900000000003
858	860	340.297
856	855	96.324
859	858	116.713
680	861	86.088
680	862	72.147
680	863	211.79300000000006
680	676	107.716
864	339	3.95
864	338	31.635999999999996
806	317	91.457
806	865	48.679
806	804	132.639
863	866	40.696
863	867	36.257
868	869	327.202
868	870	110.14500000000001
868	679	49.82
871	455	25.262
871	872	157.97199999999998
871	384	221.284
754	753	77.906
873	874	83.886
873	875	79.796
128	741	207.358
128	548	97.43100000000001
128	733	43.233
128	125	92.77699999999999
207	876	34.913
207	206	435.60900000000004
207	205	182.01800000000003
516	733	167.16699999999997
516	515	44.535999999999994
151	877	258.738
151	150	126.14
151	405	616.894
878	879	186.759
878	880	65.19200000000001
878	296	35.216
869	881	286.569
869	882	149.072
869	868	327.20200000000006
199	198	18.219
199	197	16.715
199	76	268.265
204	191	483.038
204	579	89.065
204	883	96.021
220	884	65.465
220	692	100.055
220	218	216.75900000000001
885	886	130.216
887	888	40.11
889	890	158.281
889	817	158.94
889	891	100.791
889	381	84.94699999999999
836	835	75.43900000000001
892	893	46.894
892	894	34.708
480	730	146.00000000000003
480	461	216.67299999999994
480	558	223.885
895	896	44.482
897	898	91.634
897	361	46.039
897	899	95.065
694	900	54.19
694	901	80.112
694	692	150.96099999999998
688	902	17.03
688	903	68.87
688	687	111.326
591	590	8.843
591	789	57.113
592	904	387.46000000000004
592	590	40.855
899	897	95.065
348	102	96.14099999999999
905	906	1198.743
282	907	13.301
282	280	161.26800000000003
282	908	169.93900000000002
282	909	290.125
910	832	162.676
910	309	102.888
910	445	104.094
911	912	11.237
911	913	47.595
914	915	63.556
916	917	74.06
918	507	19.572
507	918	19.572
507	506	110.83699999999999
507	499	113.07099999999998
745	919	199.87100000000004
745	576	842.2060000000001
920	921	72.713
832	463	74.79
832	445	87.41599999999998
832	910	162.676
922	923	163.107
922	924	339.508
922	925	127.074
926	846	106.807
535	927	141.629
535	534	348.97099999999995
927	928	46.041
927	929	59.89
930	931	258.607
930	932	523.6170000000001
930	160	241.81100000000004
160	933	246.92499999999998
160	25	301.29
160	158	169.56
160	930	241.811
368	934	68.71900000000001
368	366	193.87400000000002
368	935	128.93
936	937	88.233
938	258	10.64
939	356	304.671
939	782	536.967
939	940	217.818
939	941	220.87699999999998
384	871	221.28399999999996
384	454	80.013
384	382	14.710999999999999
942	943	106.03699999999999
944	167	172.072
944	945	47.999
945	928	7.959
945	535	187.637
433	430	173.44199999999998
433	946	32.813
929	947	188.02499999999998
948	949	33.919
950	944	24.884
951	945	7.984
951	950	23.444
952	951	7.953
952	953	28.775
954	720	10.067
720	955	12.577
720	717	123.037
956	953	54.147999999999996
956	952	43.58500000000001
957	570	62.67699999999999
957	958	14.220000000000002
959	498	30.046999999999997
219	218	99.11
219	693	157.378
219	960	35.007999999999996
960	961	120.398
960	219	35.007999999999996
960	962	91.155
963	964	81.564
963	271	298.16299999999995
963	965	133.813
572	966	7.791
572	967	311.03499999999997
572	968	259.7
969	898	65.27600000000001
969	970	85.67699999999999
969	971	152.078
961	960	120.398
972	973	156.09699999999998
972	974	87.963
973	972	156.097
973	975	133.42100000000002
971	969	152.078
684	947	7.502
684	681	226.42199999999997
684	956	174.94400000000002
976	383	36.183
953	977	277.91
648	978	66.666
648	979	93.675
648	644	192.83299999999997
980	951	38.42
980	950	46.86200000000001
981	982	16.873
981	983	67.405
962	960	91.155
983	981	67.405
983	984	131.829
983	583	112.359
985	986	250.34300000000002
985	987	70.617
985	831	52.830999999999996
831	830	93.25
831	988	97.48899999999999
831	985	52.830999999999996
91	989	36.718
91	742	115.34800000000001
91	88	39.308
153	167	270.26
153	210	146.408
153	150	663.612
977	877	471.93899999999996
977	980	268.34400000000005
990	304	167.381
988	991	125.029
988	992	43.488
988	831	97.48899999999999
993	179	88.182
994	995	86.665
994	996	124.08900000000001
994	992	147.98700000000002
991	988	125.029
991	996	192.09
991	997	97.80199999999999
998	999	130.422
1000	996	72.497
179	177	161.999
179	1001	65.528
179	993	88.182
1002	1003	4.372
1002	998	10.508
997	991	97.80199999999999
1004	1002	4.162
1004	1005	15.893
650	1006	11.866
167	152	236.498
167	153	270.25999999999993
167	944	172.072
167	543	149.24699999999999
711	1007	3.241
711	1008	7.703
711	710	115.58500000000001
996	1000	72.497
996	991	192.09
996	994	124.089
1005	966	252.681
800	1009	19.268
1008	1007	6.638
1008	1010	6.639
1008	1011	7.45
1008	711	7.703
1010	1008	6.639
1010	1011	3.078
1010	1012	149.075
1011	1010	3.078
1011	1008	7.45
1011	148	231.253
43	772	36.007
43	771	24.698999999999998
1013	1014	19.971
1013	1015	53.196999999999996
1013	1016	98.76500000000001
1017	1004	14.519
1017	1005	18.813000000000002
992	1018	86.134
992	994	147.987
992	988	43.488
1016	1013	98.765
1016	1019	73.15199999999999
1016	986	196.70299999999997
1020	1021	60.661
1022	1019	123.25399999999999
1023	1024	24.22
1023	1025	21.115000000000002
1026	1014	94.479
448	1027	57.956
448	447	206.536
448	259	68.373
776	1028	80.661
776	773	113.71100000000001
444	1029	126.69800000000001
444	443	388.315
311	310	21.302999999999997
311	320	33.48
1014	1013	19.971
1014	1018	55.756
1014	1026	94.479
1030	1031	29.641
1032	1033	850.9350000000001
1032	1034	33.353
1035	1036	49.611
1035	1037	59.446999999999996
73	62	68.401
73	1038	126.195
73	1039	85.918
1039	73	85.918
1039	1039	206.37799999999996
1040	1041	288.673
1040	1042	101.846
1043	1036	11.613
1043	42	32.231
1044	1045	171.333
1044	1046	46.492000000000004
1044	1047	90.14200000000001
1048	1049	17.985
451	449	12.144
451	447	129.796
449	1050	9.946
449	1051	48.175
1028	320	26.310999999999996
1028	311	29.017000000000003
605	1052	11.476
605	603	62.933
605	1053	239.671
1052	605	11.476
1052	1054	253.491
1052	1055	215.002
881	1056	39.705
881	1057	77.303
881	869	286.569
1050	342	12.13
1050	341	124.453
1033	390	156.91899999999998
1033	1032	850.9349999999998
1033	1058	108.485
383	1059	80.794
383	976	36.183
383	382	91.265
1060	1061	121.855
1060	1056	79.065
1060	862	172.94
432	430	24.872999999999998
432	1062	102.924
432	1063	187.498
1064	1065	149.574
1054	1066	88.825
1054	1067	317.553
1068	1069	117.77399999999999
1068	1070	48.989000000000004
1068	1071	49.868
1061	1060	121.855
1072	900	63.596
884	220	65.465
884	1073	26.839
884	1074	61.527
1074	884	61.527
1073	884	26.839
1071	1075	31.634999999999998
1071	1068	49.868
1071	1076	95.049
1075	662	218.861
1075	1077	66.159
1069	1071	78.51700000000001
1078	605	348.915
1078	1079	91.24700000000001
1080	1067	10.192
1080	1078	219.714
1080	214	148.89700000000002
1056	1081	165.156
1056	881	39.705
1056	1060	79.065
1067	1080	10.192
1067	1082	198.65200000000002
1067	1083	516.387
1084	1085	135.489
144	284	2139.991
144	143	137.334
144	98	59.38099999999999
1086	1041	48.109
1086	1040	453.109
1086	1087	193.79
1088	367	70.678
1088	1089	298.207
1088	1090	168.978
1091	813	124.137
1091	1080	286.81
815	1091	99.729
815	812	117.982
982	981	16.873
1092	794	54.177
1092	236	43.51
1092	236	43.507
1093	1094	114.805
1095	1096	19.73
1095	1097	25.494999999999997
1083	851	11.705
1083	840	359.868
1083	1098	102.796
1099	1100	173.884
1101	420	28.184
1101	1102	111.361
1089	1088	298.20700000000005
1103	114	36.792
1104	940	12.363
901	1105	156.08599999999998
901	694	80.112
901	1106	300.9440000000001
1107	842	10.426
1107	1108	28.887999999999998
1107	1109	22.119999999999997
4	940	247.673
4	5	473.19900000000007
4	0	353.07300000000004
917	921	60.519
917	1110	5.707
917	916	74.06
842	1107	10.426
842	705	108.48800000000001
842	1111	512.968
1112	1113	93.27000000000001
1112	289	163.42
1112	1114	83.282
116	1115	217.94100000000003
116	113	85.327
116	197	351.845
1116	1057	37.795
1117	1118	126.019
1117	1119	32.384
1120	1121	136.205
1120	1122	170.202
1120	1114	79.42
707	1123	11.735
707	703	30.532000000000004
707	706	26.444000000000003
1124	964	286.40700000000004
206	207	435.609
206	218	65.988
206	205	73.037
1125	1126	404.27500000000003
713	704	10.984
713	1123	178.17
713	1127	27.689999999999998
1128	489	34.954
489	1128	34.954
489	488	209.16600000000003
489	340	149.95100000000002
1129	260	22.242
1051	1130	310.113
1051	1050	46.053
679	1131	104.26599999999999
679	868	49.82
679	676	125.559
744	743	200.499
744	746	54.199
1131	678	42.132999999999996
1131	870	71.192
1131	679	104.26599999999999
1132	1133	34.511
1132	1134	91.789
1132	1134	61.245999999999995
1134	1135	69.027
1134	1132	61.245999999999995
1134	1132	91.78899999999999
1136	1137	71.46600000000001
508	1138	125.106
508	1135	116.36200000000001
508	379	114.73999999999998
1139	861	62.481
1139	622	28.599
1139	11	80.308
1140	1141	172.817
620	619	8.814
620	632	37.066
620	111	553.443
1142	1143	140.246
1142	1144	80.443
1142	1145	314.714
668	664	100.858
668	671	86.892
668	667	98.404
87	86	17.665
87	1146	100.246
1147	1148	0.4
1147	1149	264.59599999999995
1147	1150	160.451
38	872	157.743
38	1151	172.22
38	36	229.008
38	307	197.12599999999998
1152	793	36.834
1152	1144	137.089
1152	1153	24.296
1154	761	13.964
1154	485	205.37300000000002
1155	1156	88.862
461	460	85.20299999999999
461	480	216.67300000000003
461	1157	88.276
266	264	464.409
266	1158	436.847
266	273	57.94800000000001
1159	1160	272.872
86	354	83.513
86	1161	51.357
1162	1069	145.874
1162	490	65.392
1162	1163	132.195
654	652	101.682
654	729	147.23899999999998
654	1158	37.533
1164	1160	31.724
1165	520	218.473
1165	1166	129.341
1165	1167	65.511
729	626	86.91199999999999
729	654	147.23899999999998
729	646	58.783
240	1168	282.636
240	238	149.80499999999998
240	1169	85.549
1167	1170	27.554
1167	560	116.34100000000001
1167	1165	65.511
1171	982	112.153
1171	582	104.67999999999999
925	1172	74.879
925	1173	85.862
925	922	127.074
355	85	39.586
1174	224	25.882
1174	911	146.293
740	1175	42.891000000000005
740	1176	162.55400000000003
740	101	305.0809999999999
1175	740	42.891000000000005
1175	846	130.31199999999998
1175	1177	304.90200000000004
1178	306	95.335
1178	1151	178.50400000000002
1178	1179	65.292
1178	307	80.019
1180	1181	48.014
1180	1182	129.559
1180	1183	55.608
436	414	33.864
436	544	319.704
436	407	96.74199999999999
974	999	8.877
974	1003	137.263
846	1175	130.312
846	189	86.356
846	926	106.80699999999997
1184	498	55.311
1185	306	204.701
1185	1186	147.861
1185	1179	149.745
1187	1188	31.355999999999998
421	1189	6.63
421	1190	23.299
1182	1191	277.251
1182	1180	129.559
1182	802	182.26999999999998
1192	1193	26.902
1192	1187	14.270999999999999
1194	571	112.779
1194	1195	300.51
1194	1195	85.97500000000001
1196	31	59.301
975	911	12.451
975	226	133.796
571	570	7.423
571	958	63.151
571	1194	112.779
1197	1087	237.133
607	232	272.72399999999993
607	176	157.471
607	1137	166.545
607	604	215.51799999999997
176	1198	107.59
176	607	157.471
176	175	162.96800000000002
1199	1200	37.088
1195	1201	115.44300000000001
1195	1194	85.975
1202	1203	6.561
1202	1204	210.729
1205	1206	112.42299999999999
1205	1207	33.678
130	129	46.089
498	1184	55.311
498	959	30.046999999999997
498	331	56.788
1208	1087	12.31
1208	1209	42.716
1210	1085	23.524
1210	732	167.40300000000002
1210	1211	38.605999999999995
1087	308	15.373
1087	305	383.91100000000006
1087	1086	193.79
1153	793	25.706000000000003
1153	1212	179.16
1153	1152	24.296
732	730	138.399
732	879	181.553
563	561	34.403999999999996
1213	1214	4.599
308	1208	8.818
308	665	453.12899999999996
217	195	107.15100000000001
217	943	171.82899999999998
217	524	101.46300000000001
1183	1215	90.705
1183	1181	84.74000000000001
1183	1180	55.608000000000004
1216	999	39.902
1216	1217	53.061
1216	1027	56.824000000000005
1218	1055	217.75399999999996
1218	584	70.643
1218	1219	141.45600000000002
584	1218	70.643
584	581	257.166
584	753	74.306
1220	1066	161.15300000000002
1220	1141	46.75
1220	441	98.7
1221	888	6.17
1221	1222	507.454
1221	1223	63.38
1070	1068	48.989000000000004
1070	661	140.559
1070	277	114.046
661	278	79.442
661	1070	140.559
661	335	109.594
201	200	281.324
201	1224	167.631
278	1225	187.512
278	661	79.44200000000001
278	276	227.535
984	981	200.624
984	1226	137.781
984	983	131.829
1227	1228	32.323
1229	1230	31.24
1230	1231	61.346
1230	1229	31.24
1230	1228	68.288
1228	1230	68.288
1228	1227	32.323
1228	1232	64.49
655	1231	68.677
655	768	40.124
655	652	172.012
1226	1233	414.166
1226	1082	200.22999999999996
1226	984	137.781
1234	1235	226.19799999999998
1234	728	73.729
1234	1236	56.187
1237	201	197.83100000000002
1238	1239	248.947
1238	1240	77.28099999999999
1238	1241	92.51499999999999
1242	935	29.537
1242	937	17.432000000000002
1242	1243	263.319
1236	1235	364.6619999999999
1236	1244	67.92500000000001
1236	1234	56.187
491	1245	37.347
491	634	96.39200000000001
491	488	118.238
1244	728	59.175
1244	1236	67.925
1244	747	158.399
24	1246	30.164
24	22	122.717
93	92	285.189
93	84	104.99300000000001
93	1247	127.97900000000001
583	1171	84.56899999999999
583	983	112.359
583	581	59.15
928	952	8.062
928	929	30.810000000000002
1248	1021	754.1930000000001
1248	1249	31.853999999999996
821	820	63.475
339	1250	3.251
339	1251	33.582
84	83	72.687
84	1160	348.119
84	1252	507.4390000000001
84	93	104.99300000000001
1253	202	66.67
1254	1135	172.892
722	364	137.791
272	54	100.81700000000001
272	1255	91.67499999999998
272	1256	211.599
866	863	40.696
866	1257	136.93699999999998
866	1258	79.03399999999999
1259	1260	272.30699999999996
1259	185	100.09700000000001
1259	1255	51.529
721	364	58.43
1041	1086	48.109
1041	1261	255.27400000000003
528	1262	8.5
528	1263	42.407
1037	598	108.65100000000001
1264	309	121.332
1264	666	104.189
1264	879	79.867
1265	1266	359.993
1265	1267	83.732
1177	1175	304.90200000000004
309	910	102.888
309	1157	81.69600000000001
309	1264	121.332
309	305	518.9749999999998
1268	1269	7.398
1268	1270	257.23799999999994
1036	1271	13.762
1036	1037	34.604
1114	1113	204.87199999999999
1114	1112	83.282
1114	1120	79.41999999999999
1272	1273	190.15100000000004
300	1274	87.402
300	1038	101.59599999999999
300	297	61.39
1126	1125	404.275
1126	1275	181.165
1126	1276	173.65300000000002
1138	508	125.10600000000001
1274	300	87.402
1276	1126	173.653
1276	1277	104.693
1276	1278	42.685
1279	790	85.09
1279	1280	67.628
1009	1281	43.235
1009	1282	197.008
119	118	47.94800000000001
119	651	538.1790000000001
1283	1284	97.264
1283	1285	206.70499999999998
1283	1286	95.02499999999999
1158	266	436.847
1158	1287	128.445
1158	654	37.533
1288	270	117.92399999999999
1288	1289	335.398
999	974	8.877
999	1217	32.934
999	1216	39.902
1290	1289	8.049
1290	1237	17.336
1291	1292	263.17299999999994
1291	1293	316.94399999999996
1291	1266	463.64099999999996
1285	1294	101.473
1285	1295	53.344
1285	1283	206.70499999999998
1295	1285	53.344
1006	894	10.225
1006	892	631.021
970	969	85.67699999999999
970	1296	82.17500000000001
970	1297	151.94
1298	1299	22.805
1298	1294	101.771
1298	1300	210.27099999999996
1294	1298	101.77100000000002
1294	1285	101.473
1294	1284	203.133
894	649	12.263
894	893	31.182000000000002
1301	1302	265.558
1301	1303	21.881999999999998
1296	457	62.203
1296	970	82.17500000000001
1296	1304	56.923
893	1305	12.463999999999999
600	599	196.38100000000003
1284	1283	97.264
1284	1294	203.133
1284	1300	98.993
1306	302	34.912
1306	292	67.8
391	388	24.411
1300	1298	210.27100000000002
1300	439	22.226
1300	1284	98.99300000000001
1081	1056	165.156
1307	1308	241.52000000000004
1307	1309	119.377
1307	1310	82.31800000000001
134	133	10.552
134	1311	29.231
134	141	26.723
428	427	11.767
428	140	135.23
763	1311	36.888000000000005
763	134	30.148000000000003
891	1312	151.614
891	889	100.79100000000001
891	792	72.44200000000001
1311	427	142.93
1309	1313	110.67999999999999
1309	1307	119.377
1309	37	108.033
544	557	176.77300000000002
544	436	319.704
544	251	38.797
1313	1314	28.072
1313	1309	110.68
1313	1315	37.576
1293	1291	316.9440000000001
1316	1317	28.557000000000002
1312	891	151.614
1312	890	89.406
1312	1318	78.413
1319	1148	18.593
1319	1320	188.93800000000002
1319	1321	8.459
1322	1323	12.504
1322	1324	23.262
742	91	115.34799999999998
742	741	54.635
742	943	24.848999999999997
1320	242	171.56400000000002
1320	1325	104.739
1320	1319	188.93800000000002
1320	1326	84.026
1172	925	74.879
890	889	158.281
890	1312	89.406
890	410	48.455999999999996
1327	1328	57.323
1327	637	453.5879999999999
283	1329	157.684
283	1330	150.786
283	280	100.629
161	158	108.797
1331	112	62.064
1331	1332	32.61
1333	1334	97.34100000000001
1333	1335	114.438
1333	1336	160.77100000000002
1337	810	95.45
1336	312	93.929
1336	769	151.344
1336	1333	160.77100000000002
245	1329	102.772
245	281	98.759
245	243	112.182
1329	245	102.772
1329	1338	103.857
1329	283	157.68399999999997
1339	16	50.117999999999995
1339	1340	144.586
1339	6	161.447
1338	1329	103.857
1338	1341	77.641
1338	1342	158.84900000000002
16	8	50.709
16	1339	50.117999999999995
16	875	108.866
1343	1342	28.125
1344	1345	91.785
1344	1017	31.131999999999998
1346	1342	42.016
1252	1347	149.55599999999998
1252	80	37.217
1252	84	507.4390000000001
239	386	163.48000000000002
239	1348	107.566
239	238	152.03900000000002
239	243	48.584
1341	1338	77.641
289	1122	25.47
289	1112	163.42000000000002
289	281	135.86599999999999
1349	198	216.89299999999997
1349	76	113.301
1349	906	156.11499999999998
1350	232	84.514
1350	231	22.597
1350	1351	54.752
780	779	69.361
909	1352	19.091
909	282	290.125
909	641	133.50900000000001
1351	1350	54.752
1113	244	49.335
1113	1114	204.87199999999996
1113	387	98.429
1113	1112	93.27
244	385	71.392
244	1113	49.335
244	243	211.46699999999998
1352	909	19.091
1352	907	276.396
1352	1122	337.356
641	1353	2504.4780000000005
641	639	184.598
641	909	133.50900000000001
376	497	12.177999999999999
376	568	27.073999999999998
376	374	239.174
172	169	495.3540000000001
172	715	486.07500000000005
1354	1355	73.286
1354	1280	1365.322
1356	1357	21.726
1356	1358	228.71400000000003
1356	1359	278.409
979	617	979.3159999999999
979	648	93.675
1360	394	55.369
1360	1361	187.397
1360	1362	320.8940000000001
445	832	87.416
445	443	47.511
445	910	104.09400000000001
404	599	287.707
404	431	214.424
404	401	95.732
404	1007	81.51400000000001
1363	1364	138.256
1364	1365	8.198
1364	1363	138.256
1364	1366	45.473
1367	825	69.49000000000001
1367	1368	78.434
1367	1369	65.562
1370	1133	71.23
825	1371	91.413
825	1367	69.49
825	824	66.139
1372	1373	52.174
1372	1374	94.83399999999999
608	1375	128.32600000000002
608	72	130.272
608	604	76.232
1376	1377	28.957
1378	1379	68.551
1378	761	288.77099999999996
72	71	118.44500000000001
72	231	195.63899999999998
72	608	130.272
198	197	14.056
198	1349	216.893
1380	1353	112.50899999999999
1381	1382	278.20500000000004
1381	1256	123.752
1381	1383	189.817
1256	1381	123.752
1256	1384	90.912
1256	272	211.599
1383	1385	486.24800000000005
1383	1385	102.68400000000001
1383	1381	189.81699999999998
1383	183	143.72199999999998
564	1386	50.525
564	562	70.052
564	336	72.075
564	561	81.41
1353	641	2504.4780000000005
1353	1380	112.509
1353	1359	947.7119999999999
1387	318	37.365
1387	1168	121.655
1388	1389	249.484
1388	1387	21.662
1390	904	14.927
560	1166	106.47900000000001
560	269	125.693
560	1167	116.34100000000001
560	1391	262.22299999999996
1392	1393	5.828
1392	1394	25.577
1108	841	270.45599999999996
1389	751	92.35400000000001
1389	1388	249.48399999999998
1389	1206	73.566
475	237	70.11
475	478	103.109
475	1395	172.781
1395	475	172.781
898	969	65.27600000000001
898	1396	97.50800000000001
898	897	91.634
1137	1136	71.46600000000001
1137	607	166.54500000000002
1137	606	194.788
1379	1174	93.203
1396	478	135.691
1396	898	97.50800000000001
1396	1397	86.41399999999999
1111	842	512.968
1111	706	185.54200000000003
1111	551	389.305
478	475	103.10899999999998
478	477	169.34699999999998
478	1396	135.691
1029	1398	7.059
1062	432	102.924
1062	1399	60.884
1062	457	255.32500000000002
457	1296	62.203
457	1062	255.325
457	360	100.162
1400	1372	92.69100000000002
1042	1040	101.84599999999998
1042	1400	110.504
1042	1400	327.681
356	1401	258.029
356	939	304.671
356	25	549.6
471	470	71.815
1304	1402	125.71099999999998
1304	1296	56.923
1304	1403	79.
1403	1404	121.799
1403	1304	79.
1403	1405	81.53
637	636	114.54400000000001
637	1327	453.588
637	923	489.38100000000003
1404	1402	80.245
1404	1406	83.205
1404	1403	121.799
1406	1404	83.205
1406	1407	87.334
1406	1405	106.713
1405	1403	81.53
1405	1408	91.065
1405	1406	106.713
1409	1410	16.449
416	415	69.188
416	1202	71.343
1411	1223	400.193
1411	1412	138.583
89	88	50.096
89	743	73.49900000000001
695	692	123.939
1413	1414	22.094
65	64	33.059
65	236	302.21199999999993
1345	1344	91.785
1345	452	42.042
1345	343	809.2520000000001
1270	565	6.585
1270	629	54.837
476	1415	307.297
476	1416	113.286
476	237	396.6940000000001
343	341	409.226
343	1345	809.2520000000001
343	1417	379.65000000000003
236	65	302.212
236	234	327.548
236	1092	43.51
236	1092	43.507
454	453	38.198
454	1418	247.327
454	384	80.013
1308	1307	241.51999999999998
1308	483	52.128
1308	469	33.691
1308	1419	65.76299999999999
1420	900	35.463
900	1420	35.463
900	694	54.19
900	1072	63.596
879	1157	138.564
879	732	181.55300000000003
879	1264	79.867
1324	1421	330.17
98	262	201.984
98	94	593.054
98	144	59.381
410	408	32.222
410	890	48.455999999999996
410	1422	160.54399999999998
822	820	80.68100000000001
822	746	37.176
822	827	96.888
1157	461	88.27600000000001
1157	309	81.69600000000001
653	1423	58.503
653	652	193.619
653	1424	121.786
774	1237	26.307000000000002
774	1290	20.015
774	773	422.9290000000001
1423	653	58.503
1425	1424	92.069
1425	1426	38.626
1425	1427	136.29
1427	1428	109.256
1427	1425	136.29
1427	1429	25.006
1430	1043	13.509
1430	1199	30.467
1428	1424	124.956
1428	1427	109.256
1428	1431	25.9
127	187	108.605
127	662	131.31
127	125	124.254
1200	1301	23.282
1200	1303	29.570999999999998
1424	1425	92.069
1424	1428	124.956
1424	653	121.786
1432	724	109.722
1432	1433	97.543
1432	731	259.254
1303	1434	148.625
1431	1428	25.9
949	1435	177.123
949	948	33.919
949	1436	144.096
949	1437	98.90299999999999
1438	1439	293.52599999999995
1440	1077	156.993
1440	1439	58.833
157	154	56.638
157	807	150.919
157	858	198.45899999999997
459	434	226.49
459	532	136.839
459	251	87.26599999999999
1441	1442	94.072
156	1443	85.885
156	154	54.163
156	855	82.044
1077	1075	66.159
1077	1444	38.351
1077	1440	156.993
1445	1446	260.113
1445	1447	109.74000000000001
1445	1448	128.02300000000002
1449	1444	13.27
1433	1432	97.543
1146	670	129.906
1146	87	100.246
1146	696	88.67599999999999
1271	1430	11.649
1271	1450	38.415000000000006
696	372	161.82399999999998
696	670	96.977
696	371	69.494
1181	1180	48.013999999999996
1181	1183	84.74
1181	1191	151.997
1375	608	128.326
817	1451	73.844
817	889	158.94000000000003
817	105	182.84900000000002
817	380	139.95
1446	1447	195.32500000000002
1446	1445	260.113
1446	896	137.039
787	1335	96.90199999999999
787	784	82.631
787	691	169.85
1422	804	164.713
1422	1452	83.243
1422	1453	91.331
1422	410	160.54399999999998
1443	156	85.88499999999999
1443	1235	78.16600000000001
1443	1454	102.305
1455	737	17.269
1455	1456	276.85900000000004
1455	1457	82.157
437	1458	49.684
437	1459	92.92200000000001
437	411	133.921
1458	437	49.684
1458	886	81.609
1458	1460	86.384
1461	1462	18.734
108	1463	75.333
108	107	104.44300000000001
108	1464	52.767
1241	1465	172.39900000000003
1241	1466	73.003
1241	1238	92.515
1467	1468	23.28
896	1469	51.264
896	895	44.482
896	1446	137.039
1410	1470	6.807
1410	1409	16.449
1410	646	40.873
1469	896	51.264
1469	1471	76.914
1469	588	213.816
1472	1473	11.227
588	1469	213.81599999999997
588	1447	87.429
588	585	47.981
1474	739	253.148
777	765	109.461
886	1458	81.60900000000001
886	547	224.68599999999995
886	885	130.216
1190	1475	134.998
1190	1189	24.27
586	585	35.054
586	1471	192.55700000000002
586	601	75.413
1471	1476	106.074
1471	1469	76.914
1471	586	192.55700000000002
1454	1443	102.305
425	1477	10.459
1478	1451	101.13600000000001
257	256	32.699
257	429	108.678
1479	606	108.40100000000001
1480	1481	41.696
1468	1480	10.289
1468	1482	79.679
794	479	155.31
794	479	505.976
794	1092	54.177
1079	1078	91.247
1483	1484	12.009
1483	228	18.729
228	229	18.735
228	1483	18.729
760	716	297.32399999999996
760	1485	98.69899999999998
760	1486	744.4179999999999
628	426	46.588
628	424	34.244
347	1361	135.57399999999998
347	344	183.102
347	148	128.702
1487	1273	81.764
1488	1221	37.035
1489	1490	154.52599999999998
1489	1491	155.911
1489	631	127.971
1492	1490	92.125
1492	1493	100.197
1492	845	123.765
1361	1360	187.397
1361	347	135.57399999999998
1361	1494	80.045
1494	1361	80.045
148	146	115.767
148	347	128.702
148	1011	231.25300000000001
966	572	7.791
966	571	286.296
845	1492	123.76499999999997
845	844	94.61699999999999
845	631	282.97800000000007
147	1012	128.59799999999998
147	1495	116.424
147	146	38.007999999999996
1493	1492	100.197
1495	394	37.235
1495	147	116.42399999999999
1495	393	90.441
883	204	96.021
883	883	50.135000000000005
1496	1497	64.16
1498	1499	83.271
1498	1500	176.714
1498	1501	109.30799999999999
1502	1500	23.753999999999998
1500	1499	75.62
1500	1502	23.753999999999998
1500	1498	176.714
827	1266	83.17399999999999
827	823	67.57900000000001
827	822	96.888
1233	1082	218.16799999999998
1233	1503	244.378
1233	1226	414.16600000000005
394	1495	37.235
394	392	297.79999999999995
394	1360	55.369
439	411	308.385
439	1300	22.226
439	1504	96.149
1505	1506	93.716
1505	1485	304.642
1505	1507	167.12799999999996
1504	1506	89.449
1504	439	96.14900000000002
1504	1508	324.175
1509	1109	41.932
1509	1107	36.116
1484	1510	34.226
1484	1511	21.689
1512	1483	13.256
1508	1513	91.654
1508	1504	324.175
1508	758	100.827
1513	1508	91.654
1513	1506	314.674
1513	1485	99.47800000000001
1506	1505	93.716
1506	1504	89.449
1506	1513	314.674
1266	827	83.17399999999999
1266	1291	463.64099999999996
1266	1265	359.99299999999994
1266	1514	392.8070000000001
1511	1434	10.635
1511	1512	20.637
1511	1510	28.499
1434	1511	10.635
1434	1515	87.487
1516	1517	22.23
1516	1518	21.059
554	252	12.531
554	513	173.75400000000002
371	370	159.992
371	669	141.907
371	380	75.88999999999999
371	696	69.494
1519	1512	41.213
1519	1511	38.225
380	373	159.076
380	817	139.95
380	371	75.88999999999999
912	1520	12.109
912	1197	26.076999999999998
1515	1519	49.162
1515	764	721.382
699	417	67.43400000000001
746	822	37.176
746	576	1254.3619999999999
746	744	54.045
1135	1134	69.02699999999999
1135	508	116.362
1135	1254	172.892
1141	1521	97.571
1141	1066	113.18599999999999
1141	1140	172.817
1141	1220	46.75
1429	1427	25.006
306	1178	95.335
306	1185	204.701
532	798	265.091
532	459	136.83900000000003
532	531	473.98300000000006
104	103	187.99599999999998
104	1168	129.98399999999998
104	669	106.763
540	1522	79.51400000000001
540	539	394.5830000000001
540	559	85.613
1523	1524	258.818
1486	760	744.4180000000001
1173	925	85.862
1151	1525	103.643
1151	1178	178.50400000000002
1151	38	172.22
1151	37	205.81
1526	839	42.712
1527	1528	8.78
1527	745	236.011
775	773	36.663
1156	1155	88.86200000000001
1156	1273	37.456
1156	1529	34.357
211	208	131.32399999999998
211	536	38.30199999999999
260	1129	22.242
260	255	43.103
260	193	46.862
597	1530	38.346000000000004
597	1531	47.556999999999995
1149	1532	107.47999999999999
1149	1147	264.596
1149	1315	186.289
1149	1533	116.138
210	543	289.825
210	208	384.23999999999995
210	153	146.40800000000002
839	1526	42.712
839	776	44.63400000000001
1534	529	252.708
915	755	14.877
915	1055	89.812
915	914	63.556
874	873	83.886
874	1535	58.571
874	1536	80.228
1463	709	203.976
1463	402	81.09
1463	108	75.333
1251	1466	29.701
1251	1534	40.328
1251	1250	32.582
1536	1535	105.976
1310	658	77.34100000000001
1310	1307	82.318
1310	1537	156.22599999999997
163	795	29.286
163	797	32.811
1417	343	379.6500000000001
1417	1538	96.21300000000001
698	417	105.951
1539	656	20.614
1539	731	74.446
482	1540	93.053
482	481	198.357
482	1541	64.70400000000001
1541	1542	158.359
1541	482	64.704
1541	1543	239.13299999999998
1542	1544	62.856
1542	1545	161.265
1542	1541	158.35899999999998
329	261	34.636
329	1546	132.405
329	1547	53.473
1358	1247	428.1449999999999
1358	1356	228.714
1358	1548	322.994
19	18	118.282
19	415	95.846
19	1212	52.906000000000006
1212	1144	26.335
1212	1153	179.16
1212	19	52.906000000000006
213	1462	44.442
213	230	28.797
213	212	45.992
1529	1549	67.947
1529	1156	34.357
1529	1550	101.00800000000001
1144	1212	26.335
1144	1152	137.089
1144	1142	80.443
1330	283	150.786
1330	242	115.65
1325	1330	181.23899999999998
1325	1533	325.95000000000005
1325	1320	104.739
214	1080	148.897
214	212	30.348
1459	1551	139.236
1459	437	92.92200000000001
1459	1552	29.217
1549	1529	67.947
1551	1460	92.23
1551	1553	239.63599999999997
1551	1459	139.236
1340	1339	144.586
1340	1554	117.93200000000002
1340	814	89.355
875	17	65.57499999999999
852	841	375.51000000000016
805	105	124.63799999999998
805	804	98.394
805	317	143.79500000000002
180	177	182.791
221	218	30.02
978	1106	27.735
978	1555	19.006
978	648	66.66600000000001
317	806	91.45700000000001
317	316	92.559
317	805	143.795
964	963	81.564
964	1124	286.407
964	1556	145.074
964	1557	142.93
968	1002	10.18
968	998	18.8
1547	1558	117.82299999999998
1547	1559	42.873
1547	329	53.473
357	350	5.808
357	321	61.394999999999996
697	1560	66.863
697	398	88.011
697	1561	191.79
124	828	75.777
124	811	95.868
124	1562	105.70199999999998
124	121	192.75
1105	901	156.086
363	362	65.901
363	631	839.8659999999998
363	1563	104.951
1160	1164	31.724
1160	1159	272.87199999999996
1160	84	348.119
749	1564	8.952
749	425	285.847
1565	829	12.175
1565	1566	138.225
1565	640	69.98799999999999
640	639	30.061
640	286	29.826999999999998
640	1565	69.98799999999999
1059	383	80.794
1059	1418	105.58700000000002
1059	1567	219.819
1059	1568	184.773
1564	766	11.104
1287	1158	128.445
1465	1241	172.399
1122	289	25.47
1122	1120	170.202
1122	907	246.752
1122	1352	337.356
1225	278	187.512
296	295	50.309
296	878	35.216
1211	377	58.841
1211	1210	38.605999999999995
580	578	39.172999999999995
580	633	281.701
377	374	56.935
377	1211	60.03900000000001
291	774	45.29599999999999
291	1290	38.318
1143	1142	140.246
682	1569	269.669
682	1570	153.417
682	681	321.618
1571	1245	126.136
656	568	5.677
656	1539	20.894000000000002
1569	1570	402.17
1569	1475	85.54199999999999
1569	682	269.66900000000004
1402	1404	80.245
1402	1572	90.894
1402	1304	125.71100000000001
1416	1572	124.511
1416	882	74.59200000000001
1416	476	113.286
1447	1446	195.32500000000002
1447	588	87.429
1447	1445	109.74000000000001
1447	346	99.195
1082	1226	200.23
1082	1233	218.168
1082	1067	198.652
1082	441	173.70199999999997
1573	1574	107.10900000000001
1231	1230	61.346
1231	655	68.677
1231	1232	71.44
1232	1231	71.44
1232	1228	64.49
1232	1575	32.425
1407	1408	100.848
1407	334	76.189
1407	1406	87.334
624	623	18.406
1373	1576	207.42000000000004
1373	1372	52.174
1373	1326	96.546
577	1577	192.486
577	575	28.229999999999997
577	593	392.72900000000004
1315	1149	186.289
1315	1313	37.576
1315	1150	128.55700000000002
1578	1154	11.016
1578	1253	34.730999999999995
1514	1266	392.807
1094	860	13.537
1094	1579	206.35000000000002
1094	1093	114.805
1580	1108	37.997
1580	1107	25.39
1581	334	76.739
1408	1407	100.848
1408	1399	58.58
1408	1405	91.06500000000001
1399	1062	60.884
1399	1408	58.580000000000005
1399	1582	63.782000000000004
1583	1584	21.786
1109	854	34.149
361	1476	84.434
361	477	232.65
361	138	66.589
361	897	46.039
1559	1547	42.873
1579	1094	206.35000000000002
350	353	2.754
350	349	34.223
1545	860	81.401
1545	1542	161.26500000000001
1545	1585	160.16199999999998
601	139	22.38
601	1476	166.61399999999998
601	586	75.413
1585	1545	160.162
606	604	103.985
606	1479	108.401
606	1137	194.78799999999998
1292	1291	263.173
1586	1499	55.774
270	1391	18.795
270	267	266.42
270	965	26.803
1305	649	45.397000000000006
1305	1587	73.716
1587	1305	73.71600000000001
106	316	43.406
106	103	46.007
1584	1588	10.22
1584	1583	21.786
1584	612	36.843
78	77	14.442
78	83	65.12700000000001
1278	319	207.89
1278	1276	42.685
1278	1366	141.643
1278	1589	66.536
934	664	146.337
934	1362	132.393
934	368	68.719
934	80	97.571
1222	1222	85.71099999999998
1222	1221	507.454
1046	1044	46.492000000000004
369	937	67.642
369	392	159.65300000000002
369	366	214.917
1588	1584	10.22
829	1565	12.175
829	818	155.73200000000003
829	828	120.15599999999999
1261	511	98.385
1261	1590	60.601
1401	1591	25.939
1401	356	258.029
937	1242	17.432000000000002
937	369	67.642
937	936	88.233
724	1432	109.722
724	559	38.017
724	723	36.979
935	1243	31.216
935	1242	29.537
1243	935	31.216
1243	1362	48.882
1243	1242	263.31899999999996
1592	1593	11.553
1592	1594	64.73400000000001
1592	1595	141.455
1362	1243	48.882
1362	1360	320.89400000000006
1362	934	132.393
1045	1044	171.33300000000003
1045	987	77.047
1045	1047	80.907
1007	711	3.241
1007	1008	6.638
1007	404	81.514
1557	964	142.93
1047	1045	80.90700000000001
1047	1031	303.086
1047	1044	90.14200000000002
1595	1592	141.455
664	934	146.337
664	668	100.85799999999999
664	663	54.894000000000005
1415	1596	102.29100000000001
1415	476	307.29699999999997
1415	882	98.917
882	1416	74.592
882	869	149.072
882	1415	98.917
987	985	70.084
987	1045	77.047
987	1597	230.92399999999998
304	312	150.877
304	990	167.381
304	293	322.53299999999996
612	1584	36.843
612	194	93.78999999999999
612	423	83.075
1596	1415	102.291
258	938	10.64
258	257	20.669999999999998
312	1335	143.494
312	1336	93.929
312	310	234.249
312	304	150.877
833	611	241.88299999999998
833	610	1184.855
833	834	385.05600000000004
1018	1014	55.756
1018	992	86.134
1018	1598	53.62799999999999
1599	1198	292.061
1258	866	79.034
1600	1029	7.946
1600	444	127.432
924	922	339.508
995	1015	167.885
995	994	86.665
995	1598	94.756
1598	995	94.756
1598	1018	53.628
1598	1015	76.002
593	591	31.541
593	577	392.7290000000001
1321	1319	8.459
1321	1574	276.99800000000005
1321	1601	91.07900000000001
1015	1013	53.196999999999996
1015	995	167.88500000000002
1015	1598	76.002
618	558	217.249
618	1600	41.407000000000004
1123	707	11.735
1123	1602	49.338
390	1033	156.919
390	389	172.321
390	388	256.163
1289	1166	95.701
1289	302	134.901
1166	560	106.47900000000001
1166	1165	129.341
1166	520	87.13600000000001
1019	1603	43.869
1019	1022	123.25399999999999
1019	1016	73.152
672	671	123.65899999999999
672	367	75.282
672	1604	147.80199999999996
1604	672	147.802
1604	1605	90.139
1604	1090	167.453
1507	903	54.926
1507	1606	166.817
947	684	7.502
947	932	40.104
947	1607	195.68400000000003
1608	1436	36.931
1436	1608	36.931
1436	1609	71.574
1436	949	144.096
17	1536	144.504
17	28	241.73300000000003
17	8	103.491
389	390	172.321
389	689	133.185
389	388	25.953
1476	1471	106.074
1476	361	84.434
1476	601	166.61399999999998
1610	1600	9.598
1610	618	41.825
1255	1384	287.171
1255	1611	145.315
1255	1259	51.529
1255	272	91.675
1612	1332	2.525
1612	1331	33.516
790	1279	93.396
790	789	241.853
1464	1612	41.16
1464	108	52.766999999999996
1613	1063	47.332
1613	1614	31.215
946	1612	5.269
946	1464	42.262
1614	946	2.619
1614	433	31.733
1611	1255	145.315
6	814	382.859
6	5	70.87299999999999
6	1339	161.447
1366	1615	122.625
1366	1364	45.473
1366	1278	141.643
1615	1616	80.512
1616	1615	80.512
1616	660	320.524
1616	319	146.383
1384	1255	287.17099999999994
1384	183	101.18099999999998
1384	1256	90.912
215	195	60.83
1214	1097	14.175
1214	1095	26.276999999999997
1617	420	8.484
1617	1101	29.909
1189	1618	8.667
1097	1617	8.613
1102	1101	111.361
393	1012	81.686
393	392	327.86800000000005
393	1495	90.441
1553	1552	80.21600000000001
1553	1452	32.349000000000004
1553	1551	239.636
683	1475	262.06
683	166	179.298
683	681	239.39999999999998
1475	1569	85.542
1475	683	262.06
1475	1190	134.998
1577	577	192.48599999999996
1012	1010	149.07500000000002
1012	393	81.686
1012	147	128.598
1260	1259	272.30699999999996
1145	1619	24.035999999999998
1145	1620	50.18899999999999
1145	1142	314.714
1058	1621	8.402
1058	1033	108.485
1619	1622	65.568
1460	1551	92.22999999999999
1460	465	251.894
1460	1458	86.38399999999999
1623	1624	812.8530000000001
1623	1625	189.52400000000003
691	785	102.291
691	689	50.468999999999994
691	1626	284.334
691	787	169.85
615	614	8.435
615	623	186.51200000000003
615	645	182.36400000000003
183	182	21.886
183	1384	101.181
183	1383	143.722
1127	713	26.749000000000002
1127	1442	124.179
1570	1569	402.17000000000013
1570	1627	79.33
1570	682	153.41699999999997
1625	1624	74.099
1625	1623	189.524
1625	1240	116.621
1414	1610	82.57
1628	556	74.77600000000001
511	1629	91.14600000000002
511	1630	66.92999999999999
511	1261	98.385
793	1152	36.834
793	1153	25.706000000000003
793	509	225.02000000000004
1563	759	9.284
1563	363	104.951
1563	1491	63.684
851	1083	11.705
851	1631	194.099
851	815	131.921
1632	1032	15.728
1365	1364	8.198
1365	1633	339.75899999999996
1365	1368	109.844
1634	1169	207.789
1034	1635	28.785000000000004
1034	1620	544.099
1034	1632	23.503999999999998
1636	1145	69.498
1636	1622	42.125
271	963	298.163
271	1637	114.047
271	268	29.216
621	112	216.554
621	620	49.936
1622	1516	12.642
1397	1396	86.41399999999999
1096	1095	19.73
1638	1249	22.391
1639	1556	254.5
1639	1517	104.35600000000001
1639	1637	56.196
1517	1518	18.39
1517	1639	104.35600000000001
1347	1252	149.556
709	403	76.932
709	1463	203.976
709	700	63.849000000000004
402	401	72.636
402	403	143.55200000000002
402	1463	81.09
403	709	76.932
403	401	167.94700000000006
403	402	143.55200000000002
15	14	356.725
15	382	247.809
15	446	108.755
15	1640	236.09099999999998
783	324	53.484
783	719	445.953
783	719	397.4389999999999
254	196	82.037
1280	1279	67.628
1280	1354	1365.322
1280	923	489.516
1393	1413	24.732
1393	1414	37.768
759	1563	9.284
759	716	215.58399999999997
259	1641	57.354
259	256	25.482
259	448	68.373
1642	1643	119.216
1642	1644	143.8
1642	1645	50.699
1027	259	53.592000000000006
1027	1216	56.824000000000005
1646	1490	147.678
1646	1647	190.998
1646	1491	91.32100000000001
1648	1649	139.724
1648	1650	50.916
1648	1201	86.256
1651	1267	9.38
1651	1265	88.441
1652	1653	251.874
693	219	157.378
693	692	281.701
693	848	87.86299999999999
1490	1492	92.125
1490	1489	154.526
1490	1646	147.678
1262	1651	10.984
1262	1654	358.361
1257	866	136.937
1257	1655	178.16500000000002
1257	1656	122.901
1257	1657	131.356
21	1627	33.122
21	1658	17.862000000000002
1621	1659	5.033
1621	1660	48.971
1286	1644	72.423
1286	1283	95.025
1286	758	19.137
1661	903	108.00999999999999
1644	1642	143.8
1644	1286	72.423
1644	1662	168.677
1645	1642	50.699
1659	1058	8.655
1659	1626	41.879999999999995
1663	1662	35.841
1663	759	66.40899999999999
1572	1416	124.51100000000001
1572	1402	90.894
1572	1664	194.21300000000002
1635	1034	28.785000000000004
1635	1665	62.417
1635	1632	27.518
1664	1572	194.213
1626	1058	46.924
1626	691	284.334
334	1407	76.189
334	1581	76.739
334	333	153.25400000000002
1176	740	162.554
452	1345	42.042
452	451	74.73599999999999
1398	1651	468.563
1398	1610	8.459
1355	1268	7.813
1355	1666	88.18299999999999
1666	1667	170.62100000000004
1666	1268	94.219
1640	15	236.091
1640	872	118.398
1640	1668	93.088
1668	1640	93.088
1669	185	55.406
1669	184	281.739
1669	1670	106.812
1535	874	58.571
1535	1671	34.197
1671	1535	34.197
1671	232	139.016
1671	1198	222.649
1342	1343	28.125
1342	1346	42.016
1342	1338	158.84900000000002
450	446	331.384
57	56	1592.252
872	1640	118.398
872	38	157.74300000000002
872	871	157.97199999999998
1672	409	32.373
1672	1318	38.275999999999996
1672	791	91.644
409	1673	71.24199999999999
409	1672	32.373
409	408	175.304
1673	1594	77.425
1673	409	71.24199999999999
1673	1674	195.80100000000004
1594	1592	64.73400000000001
1594	1673	77.425
1594	1675	95.52199999999999
1593	1592	11.553
1593	438	70.88900000000001
1593	1676	138.737
933	931	230.26
933	941	219.86200000000002
933	160	246.925
438	1593	70.889
438	902	83.739
438	411	258.536
1677	1678	62.172
791	786	176.574
791	1672	91.644
791	785	81.619
931	1679	206.508
931	930	258.60699999999997
931	933	230.26
785	791	81.61899999999999
785	691	102.291
785	784	170.244
307	1178	80.019
307	38	197.12600000000003
307	443	580.052
307	305	218.768
1633	1365	339.75900000000007
1630	511	66.92999999999999
1674	1673	195.801
1675	1594	95.52200000000002
1456	1201	16.412
1456	1455	276.85900000000004
1456	1038	298.817
1676	1593	138.737
1038	73	126.19500000000002
1038	1456	298.817
1038	300	101.59600000000002
13	10	245.82000000000002
1679	931	206.508
1679	1680	461.74699999999996
1679	941	222.62300000000002
1419	469	66.672
1419	1308	65.763
1419	39	120.58399999999999
941	1679	222.623
941	939	220.877
941	933	219.86199999999997
520	1306	32.052
520	1165	218.47299999999998
520	1166	87.136
469	1419	66.672
469	1560	348.195
469	1308	33.691
469	456	39.965
1057	1116	37.795
1057	1681	126.93
1057	881	77.303
1057	1656	211.94600000000003
1556	1639	254.5
1556	964	145.074
1556	1637	168.47400000000002
1637	1639	56.196
1637	271	114.04700000000001
1637	1682	169.623
1637	1556	168.47400000000002
1357	1356	21.726
675	674	92.485
1680	1607	236.368
1680	1683	131.397
1680	1679	461.747
616	617	89.
616	614	132.96
616	1426	131.028
616	646	198.52300000000002
1684	1685	60.285
1686	1049	156.37199999999999
1683	1680	131.39700000000002
332	330	168.028
736	954	27.418
736	734	183.21800000000002
904	1390	14.927
904	592	387.46
904	923	221.284
778	765	223.986
1607	947	195.684
1607	1680	236.368
1607	1687	134.64600000000002
1239	1688	64.968
1239	1623	126.183
1503	1501	135.893
1503	1233	244.378
1503	1098	106.125
1689	1377	195.30900000000003
1689	1377	462.604
1689	1690	28.343
903	1507	54.926
903	688	68.87
903	1661	108.00999999999999
49	48	136.48
49	1691	194.583
49	34	97.959
49	531	2116.6979999999994
1499	1500	75.62
1499	1498	83.271
1499	1586	55.774
1618	1213	11.350999999999999
1618	1692	26.637
1693	1631	110.55
1591	1694	7.390000000000001
1687	1607	134.646
1106	1555	24.607
1106	901	300.94399999999996
1501	1503	135.893
1501	1695	73.51899999999999
1501	1498	109.308
1555	1106	24.607
1555	978	19.006
1555	850	26.487
1191	1181	151.997
1191	1182	277.251
1191	1696	86.708
1348	239	107.566
131	1691	375.397
131	129	84.643
131	249	115.075
574	1629	42.285
574	573	218.87999999999997
574	1697	73.51599999999999
660	109	234.739
660	1616	320.5240000000001
660	111	236.483
1698	1193	704.9340000000001
1698	1699	19.811
1699	1382	90.092
1699	1700	50.593
1699	1698	19.811
1697	1701	195.687
1697	487	61.828
1697	574	73.51599999999999
1697	1702	33.812
111	110	299.539
111	620	553.4430000000001
111	660	236.483
1597	1703	366.233
1597	987	230.92399999999998
1597	1700	293.928
1121	1120	136.205
1121	1524	20.528
1121	1704	149.643
249	1705	16.759
249	248	77.813
249	131	115.075
1606	1507	166.81699999999998
1706	1524	131.416
295	665	8.299
295	1707	322.087
295	1130	174.755
1701	1697	195.68699999999995
1685	837	157.873
1685	1684	60.285000000000004
1685	358	78.955
582	1708	235.878
582	581	100.37999999999998
582	1171	104.67999999999999
1100	1709	5.347
1100	913	35.054
1100	1099	173.88400000000001
758	1286	19.137
758	716	106.03999999999999
758	1508	100.827
112	621	216.55400000000003
112	110	349.6429999999999
112	1331	62.06399999999999
1485	1505	304.64200000000005
1485	760	98.69899999999998
1485	1513	99.47800000000001
1281	1710	10.729
1281	1527	1900.9279999999999
1711	143	8.261
1528	145	7.501
1528	1711	23.172000000000004
801	800	19.402
801	1281	11.106
1696	1191	86.708
1452	1553	32.349
1452	1422	83.243
1452	1552	249.99799999999996
1705	249	16.759
1705	1712	79.21700000000001
1705	35	126.51
67	66	84.02199999999999
67	1713	399.53100000000006
67	346	493.74699999999996
66	68	3.681
66	1448	72.22099999999999
1282	1714	25.65
1282	1009	197.00799999999998
1282	1609	58.917
1714	1282	25.65
1552	1553	80.21600000000001
1552	1452	249.99799999999996
1552	1459	29.217
1629	574	42.285
1629	1709	215.77700000000004
1629	511	91.146
1224	1253	38.132999999999996
1224	1578	30.225
870	1131	71.19200000000001
870	868	110.14500000000002
870	1715	83.02000000000001
145	1527	9.764
145	1710	1905.4289999999999
41	1716	44.363
41	81	308.248
41	33	135.236
41	223	191.679
677	622	197.25199999999995
677	861	131.78300000000002
677	674	61.69400000000001
441	440	155.33100000000002
441	1220	98.7
441	1082	173.702
1448	1445	128.023
1448	68	69.124
1235	1234	226.19799999999998
1235	1236	364.66200000000003
1235	1443	78.166
1235	397	299.035
861	1139	62.481
861	680	86.088
861	867	133.088
861	677	131.78300000000002
958	1717	12.446000000000002
1198	176	107.59
1198	1671	222.649
1198	1599	292.06100000000004
1119	957	7.104
1090	1704	80.176
1090	1275	244.69
1090	1088	168.978
1704	1718	9.53
1704	1719	32.582
1704	1121	149.643
867	11	98.676
867	863	36.257
867	861	133.088
1710	801	11.124
1710	803	684.145
708	700	16.654
708	710	114.63300000000001
708	1720	165.287
367	1088	70.678
367	672	75.282
367	366	92.99600000000001
1721	1371	41.24
1024	1035	233.61399999999998
1179	1525	188.71299999999997
1179	1185	149.745
1179	1178	65.292
1525	1151	103.643
1525	1601	133.088
1525	37	352.98800000000006
1525	1179	188.71300000000002
1326	1320	84.02600000000001
1326	1373	96.54599999999999
1326	1722	86.98500000000001
1722	1326	86.985
602	1723	614.8330000000001
602	627	219.777
602	595	125.351
135	770	222.284
135	762	293.497
1601	1150	150.785
1601	1574	316.02299999999997
1601	1525	133.088
1601	1321	91.07900000000001
1066	1141	113.18599999999999
1066	1054	88.825
1066	1521	201.926
1066	1220	161.153
1150	1601	150.78500000000003
1150	1315	128.557
1150	1147	160.451
1574	1573	107.109
1574	1601	316.023
1574	1321	276.998
727	725	145.298
651	650	70.071
651	119	538.1790000000001
865	1724	65.081
865	1725	175.63799999999998
865	806	48.678999999999995
1369	1367	65.562
1726	1207	103.424
1649	298	64.016
1649	1648	139.72400000000002
1649	1727	62.744
1727	1649	62.744
1359	1353	947.712
1359	1356	278.40900000000005
1359	1713	107.67399999999999
1700	1597	293.928
1700	1698	47.66
919	1711	46.28099999999999
919	1528	36.832
1049	1576	107.00299999999999
1049	1048	17.985
1049	1686	156.372
1003	1004	5.923
1003	1344	39.586000000000006
1702	1697	33.812
120	1538	8.062
120	1417	97.54
181	1728	23.608
181	177	291.90000000000003
1538	117	18.867
118	120	16.188
118	74	55.015
1708	1219	300.24100000000004
1708	1219	105.945
1708	582	235.87800000000004
1451	1453	49.94
1451	817	73.844
1451	1478	101.136
1728	181	23.608
1728	181	46.93699999999999
1115	116	217.94100000000003
1531	609	91.557
809	1729	86.637
809	1730	93.344
809	808	111.709
854	1580	30.875999999999998
854	2	112.68900000000001
1690	1689	28.343
1690	26	31.003999999999998
1521	1731	71.646
1521	1141	97.57099999999998
1521	1066	201.92600000000004
27	26	3.777
27	534	549.282
27	1690	31.035000000000004
1688	1239	64.968
1725	465	39.445
1725	319	133.397
1725	865	175.63800000000003
860	1094	13.537
860	1545	81.401
860	858	340.297
375	374	36.262
242	238	258.988
242	1320	171.564
242	1330	115.65
242	241	403.53399999999993
908	282	169.93900000000002
908	1533	119.186
908	1732	263.348
1477	771	11.917
1477	1023	138.885
1732	908	263.34800000000007
209	1733	146.91299999999998
209	208	199.761
209	543	456.066
1161	86	51.357
1161	240	340.17699999999996
1734	1735	20.421
1734	1240	261.428
631	845	282.978
631	1489	127.971
631	12	115.63199999999999
631	363	839.8659999999999
1736	386	281.182
1736	751	121.763
1736	1168	156.031
1203	1202	6.561
1203	416	70.244
1203	551	164.64799999999997
1368	1371	125.60100000000001
1368	1365	109.844
1368	1367	78.434
1371	825	91.413
1371	1721	41.24
1371	1368	125.60099999999998
1170	1167	27.554
1524	1706	131.416
1524	1121	20.528
1524	1523	258.818
1533	908	119.186
1533	1325	325.95
1533	1149	116.138
1533	1737	283.863
29	782	118.24
29	27	56.327
816	105	145.239
1691	131	375.397
1691	49	194.58300000000003
1691	1712	131.27199999999996
1562	1566	178.198
1562	124	105.702
1562	1738	123.669
1562	1739	379.41
1738	1737	147.692
1738	1562	123.669
1738	1532	202.168
1001	1001	105.382
1001	179	65.528
1566	1562	178.19799999999998
1566	1565	138.22500000000002
1566	1737	115.886
1740	1270	11.13
1740	1269	253.331
1737	1738	147.692
1737	1566	115.88600000000001
1737	1533	283.863
1269	1355	9.267
1269	1354	75.51
50	81	29.571
50	48	48.137
50	40	196.55499999999998
1323	1328	9.403
1323	1327	58.235
670	696	96.977
670	1146	129.906
670	669	77.23599999999999
1741	1421	12.816
1741	1323	358.03600000000006
387	1113	98.429
387	385	187.63500000000002
387	750	46.902
751	1736	121.763
751	1719	213.21399999999997
751	750	122.125
751	1389	92.354
566	1322	9.484
566	1742	86.49499999999998
876	207	34.913
876	70	89.47
876	643	227.225
1267	528	10.795
1267	1741	154.594
1453	1422	91.331
1453	1451	49.94
1453	1743	77.352
70	876	89.47
70	205	136.594
70	69	234.57299999999998
1660	1659	49.55
1660	902	120.77599999999998
1118	1744	172.526
1118	1117	126.019
1118	1442	354.3809999999999
314	313	82.06700000000001
314	351	86.28
314	279	62.07599999999999
34	40	11.002
34	32	24.797
34	49	97.959
1442	1441	94.072
1442	1127	124.17899999999999
1442	1118	354.38100000000003
1745	1314	19.676
1745	1746	102.473
834	611	315.997
834	833	385.0560000000001
834	1025	82.786
1746	1747	111.467
1746	1739	78.75
1748	1745	66.523
1748	1749	88.51499999999999
772	627	86.223
803	795	8.707
803	162	306.628
803	739	102.68200000000002
638	634	344.84000000000003
638	579	107.959
1749	1748	88.51499999999999
1750	1751	97.87800000000001
1751	1748	86.26400000000001
1751	1750	97.87799999999999
1444	1077	38.351
1444	1076	64.188
1444	1449	13.27
165	1752	178.73399999999998
165	54	61.60000000000001
165	159	187.106
1753	1754	90.639
1753	1755	101.93
1756	1757	84.184
1756	1716	59.69
1756	35	49.828
1755	1753	101.93
1302	1301	265.558
1302	603	21.659
1758	1753	78.715
1758	1759	98.09100000000001
455	871	25.262
455	39	67.832
455	453	185.83899999999997
847	1730	10.077
847	811	79.146
1730	847	10.077
1730	1543	8.317
1730	809	93.344
193	1546	78.293
193	190	163.97
193	260	46.862
1759	1758	98.09100000000001
1754	1751	76.198
1754	1747	17.224
1754	1760	102.399
1543	1730	8.317
1543	1758	107.66900000000001
1543	1541	239.13299999999998
1546	1558	55.501
1546	193	78.293
1546	329	132.405
1558	1761	63.531
1558	1546	55.501
1558	1547	117.823
1761	1558	63.531
1762	1480	77.626
1762	1482	11.251999999999999
1760	1754	102.399
1747	847	282.323
1747	1754	17.224
1482	1763	37.629000000000005
1544	1542	62.856
1544	1729	87.37799999999999
1544	1764	84.734
635	633	327.97900000000004
635	351	154.67100000000002
635	1765	60.803000000000004
1764	1544	84.734
1729	1766	80.306
1729	1544	87.378
1729	809	86.637
1766	1729	80.306
298	297	60.555
298	1767	53.016
298	1649	64.01599999999999
1763	1735	9.921
1763	1734	20.198
1735	1762	33.589
1767	298	53.016
1491	1646	91.321
1491	1563	63.684
1491	1489	155.911
487	1697	61.828
487	486	41.143
986	985	250.343
986	1016	196.70300000000003
986	1031	158.86100000000002
351	247	95.048
351	1163	258.577
351	635	154.67100000000002
351	314	86.28
1768	1769	51.694
1031	1047	303.08600000000007
1031	986	158.86100000000002
1031	1030	29.641000000000002
1391	1770	53.382
1391	560	262.223
1391	270	18.795
1771	906	86.193
622	619	97.244
622	1139	28.599
622	677	197.25199999999995
59	474	662.0439999999999
59	56	626.901
59	328	92.003
1770	1391	53.382
906	1771	86.193
906	905	1198.7430000000002
906	1349	156.115
1537	1310	156.226
658	1540	123.862
658	1310	77.34100000000001
658	657	102.88
1568	1059	184.77299999999997
1085	1210	23.524
1085	880	112.483
1085	1084	135.489
1510	1772	168.60299999999998
880	1773	114.683
880	1085	112.483
880	878	65.19200000000001
1130	1021	116.008
1130	1051	310.11299999999994
1130	295	174.75500000000002
1723	602	614.8330000000002
28	31	202.24200000000002
28	26	224.363
28	17	241.73299999999998
1055	1052	215.00199999999998
1055	1218	217.754
1055	915	89.81200000000001
223	41	191.67900000000003
223	222	133.05499999999998
231	1350	22.597
231	72	195.63899999999998
231	230	256.04099999999994
1774	431	229.883
1382	1699	90.092
1382	1775	247.23899999999998
1382	1381	278.205
232	1350	84.514
232	607	272.724
232	1671	139.01600000000002
232	230	271.538
431	1774	229.88299999999998
431	164	37.327
431	404	214.424
168	152	162.23199999999997
646	1410	40.873
646	645	92.269
646	729	58.783
646	616	198.523
1470	1410	6.807
1667	1776	80.272
1667	1666	170.621
1667	686	736.0509999999999
1575	1232	32.425
1249	1638	22.391
1249	1777	28.575
1654	1413	7.42
1654	1392	30.057000000000002
426	1564	257.652
1603	1019	43.869
1703	1597	366.23299999999995
1778	1636	12.642
1518	1204	84.278
1518	1778	46.33200000000001
53	52	68.85000000000001
1576	1400	140.84
1576	1686	412.70099999999996
1576	1373	207.42000000000002
1297	970	151.94
1779	1780	55.219
647	849	130.189
647	644	122.436
647	850	84.874
1245	491	37.347
1245	1781	63.952
1245	1571	126.13599999999998
1780	1782	29.506
1780	1779	55.219
1780	1716	66.549
1193	1187	26.807
1193	1698	704.9340000000001
352	247	266.137
1769	1783	33.527
1769	1695	58.633
1769	1768	51.694
1609	1436	71.574
1609	1282	58.917
1609	1437	91.64200000000001
1781	1678	58.408
1781	1245	63.952
1781	1784	209.799
1785	1631	41.64
1720	708	165.287
1784	1781	209.79900000000004
1733	209	146.913
1786	912	30.14
1786	1197	37.071
1678	1781	58.408
1678	1677	62.172
1678	1787	226.613
877	1788	41.162
877	1653	43.021
877	151	258.738
877	977	471.939
1787	1678	226.613
1716	41	44.363
1716	1756	59.69
1716	1780	66.549
1602	1509	71.016
1602	323	158.50900000000001
814	6	382.85900000000004
814	1340	89.355
814	812	146.346
474	494	167.12
474	545	147.82299999999998
474	59	662.0439999999998
474	472	327.18300000000005
1783	1769	33.527
617	616	89.
617	979	979.3159999999999
617	614	151.10899999999998
1788	1653	57.724
1788	877	41.162
1788	1789	116.703
1757	1756	84.18400000000001
1718	1704	9.53
1718	1090	75.09800000000001
1790	1712	95.55199999999999
386	385	84.08699999999999
386	1736	281.18199999999996
386	239	163.48
386	1169	77.27399999999999
1709	1100	5.347
1709	1702	218.50999999999996
1709	1629	215.777
1719	751	213.214
1719	1718	32.416000000000004
943	942	106.03699999999999
943	217	171.82899999999998
943	742	24.849
1560	697	66.863
1560	1065	149.60399999999998
1560	469	348.19499999999994
1712	1705	79.21700000000001
1712	1691	131.272
1712	1790	95.55199999999999
666	1264	104.18900000000001
666	294	98.295
1065	1064	149.574
1065	1560	149.60399999999998
1065	747	698.421
1782	1780	29.506
1655	1257	178.16500000000002
1653	877	43.021
1653	1652	251.87400000000002
1532	1791	91.967
1532	1738	202.168
1532	1149	107.48
686	685	67.873
686	630	52.266999999999996
686	1667	736.0510000000003
1627	1658	32.875
1627	1570	79.33
747	1244	158.399
747	576	550.8409999999999
747	1065	698.421
1776	1667	80.27199999999999
483	1792	147.053
483	1308	52.128
483	481	64.007
1522	540	79.514
630	629	40.175000000000004
630	336	74.11
630	686	52.267
1204	1778	83.726
1204	1202	210.72899999999998
1435	949	177.123
319	1616	146.38299999999998
319	316	337.02799999999996
319	1725	133.39700000000002
319	1278	207.89000000000001
1792	697	186.404
1792	484	58.123
484	398	196.91699999999997
484	481	91.264
1789	20	31.946
1789	1788	116.703
704	713	10.984
704	133	306.16800000000006
225	1378	103.733
1561	397	88.865
1561	1793	67.657
1561	697	191.79
35	1705	126.50999999999999
35	1756	49.828
35	32	97.057
397	1561	88.865
397	395	138.293
397	1235	299.035
1793	1561	67.65700000000001
1744	1118	172.526
1421	527	7.859
1421	1794	48.773
229	594	31.274
643	876	227.22499999999994
643	642	196.73700000000002
643	849	81.888
1240	1734	261.42800000000005
1240	1625	116.62100000000001
1240	1238	77.281
1466	1251	29.701
1466	1795	237.988
1466	1241	73.003
202	1154	103.18
202	200	129.045
1273	1487	81.764
1273	1272	190.15099999999998
1273	1156	37.456
80	77	203.393
80	934	97.571
80	1252	37.217
849	848	127.586
849	643	81.888
849	647	130.18900000000002
1550	1796	205.78000000000003
1550	1215	134.857
1550	1529	101.00800000000001
76	1349	113.30100000000002
76	75	286.67
76	199	268.26500000000004
1215	1550	134.857
1215	1796	149.63299999999995
1215	1183	90.705
1437	1796	31.532
1437	949	98.90299999999999
1437	1609	91.642
1328	566	12.452
1328	1740	224.66199999999998
923	637	489.38099999999986
923	904	221.284
923	922	163.107
923	1280	489.5160000000001
888	1221	6.17
888	887	40.11
888	1488	36.327
1223	1411	400.1929999999999
1223	888	63.545
1217	972	55.056
715	172	486.07500000000005
715	714	1554.656
1692	1213	25.628
1692	166	227.66400000000002
324	322	21.227
324	323	67.40299999999999
324	783	53.483999999999995
813	1091	124.137
813	1462	134.256
813	812	144.707
31	30	181.34699999999998
31	28	202.24200000000002
31	1196	59.301
1201	1456	16.412
1201	1648	86.25599999999999
1201	1195	115.443
678	674	47.789
678	1131	42.132999999999996
678	1715	124.32400000000001
323	322	46.903
323	1602	158.509
323	324	67.403
1605	1604	90.13900000000001
1650	1648	50.916
1694	1797	10.375
1694	1457	29.404
345	344	396.33799999999997
1798	1799	10.082
1798	23	31.540000000000003
1643	1663	14.255
1643	1662	33.738
1799	1800	16.511
505	499	156.932
1796	1437	31.532
1796	1550	205.78
788	3	154.74099999999999
1801	739	113.671
613	194	110.562
1188	1789	31.875999999999998
1188	20	17.796
1377	1689	195.309
1377	1689	462.604
1377	1376	28.957
1715	1063	72.085
1715	678	124.324
1715	870	83.02
1658	1192	8.731
358	1685	78.95500000000001
358	357	27.202
810	808	37.515
810	1337	95.45
810	1802	71.946
1743	1453	77.352
1386	564	50.525
728	1234	73.729
728	725	93.575
346	587	131.215
346	1447	99.195
346	67	493.74699999999996
346	344	93.388
1206	1205	112.42299999999999
1206	1589	254.95499999999998
1206	1389	73.566
1802	810	71.946
1207	1726	103.42399999999999
1207	1205	33.958999999999996
1207	1803	202.246
90	91	37.839999999999996
90	1742	172.76799999999997
1473	1467	11.017
1473	1497	33.991
1275	1090	244.68999999999997
1275	1126	181.165
1275	1277	127.53900000000002
1589	1803	122.655
1589	1206	254.95499999999998
1589	1278	66.536
1803	1277	46.317
1803	1207	202.246
1277	1803	46.317
1277	1275	127.53900000000002
1277	1276	104.693
1797	1798	21.829
1169	1634	207.789
1169	386	77.274
1169	240	85.549
1742	90	172.768
1742	1804	60.13
1520	975	10.84
1520	973	138.64100000000002
1707	1209	158.84199999999998
1707	1208	133.904
1209	1520	221.7
1805	1076	73.43799999999999
1804	1324	32.193
1804	1322	21.572000000000003
527	1741	12.285
527	526	39.057
1794	989	106.90899999999999
1794	525	21.163000000000004
764	1515	721.3820000000001
764	536	724.578
764	58	248.282
536	764	724.578
536	534	484.47499999999997
536	211	37.32
114	96	148.604
114	113	113.63300000000001
114	1103	36.792
39	455	67.832
39	1419	120.58399999999997
39	36	13.027000000000001
1777	1248	30.188000000000002
1777	1806	842.3749999999998
932	684	40.742999999999995
932	930	523.6170000000001
989	1794	106.90899999999999
989	88	41.715
1807	1808	277.819
166	1692	227.66400000000002
166	159	443.45500000000004
166	683	179.298
739	738	80.484
739	1474	253.14799999999997
739	803	102.682
739	1801	113.671
762	1578	11.914
762	1288	93.782
755	915	14.877
755	753	71.639
755	1731	51.566
37	36	285.57
37	1525	352.988
37	1151	205.81
37	1309	108.033
486	1379	52.979
850	647	84.874
850	848	124.98600000000002
850	1555	26.487
1554	1340	117.93200000000002
913	1786	13.628
913	1100	35.054
1168	1387	121.65500000000002
1168	104	129.984
1168	240	282.636
1168	1736	156.031
862	680	72.147
862	1681	86.548
862	1060	172.94
11	10	85.306
11	867	98.67599999999999
11	1139	80.30799999999999
1647	1646	190.998
1795	1809	32.828
1795	1810	146.531
1795	1466	237.98800000000003
598	1811	84.026
598	596	106.29499999999999
1809	1795	32.828
1385	1383	486.24800000000005
1385	1383	102.684
1385	1812	144.92700000000002
1385	1775	115.878
731	1539	74.44600000000001
731	1432	259.254
731	730	247.55599999999998
1394	1392	25.577
702	701	131.778
1025	834	82.786
1025	1024	13.775
178	177	229.099
178	269	169.206
178	757	93.075
769	1336	151.344
769	359	128.31500000000003
769	1334	245.09599999999998
610	609	8.577
610	833	1184.8549999999998
610	1813	115.234
955	1117	34.443
955	1119	10.068
1775	1110	67.817
1775	1385	115.878
1775	1382	247.23899999999995
551	550	132.704
551	1111	389.305
551	1203	164.648
921	917	60.519
921	1110	317.684
921	920	72.713
1110	917	5.707
1110	1775	67.817
1110	921	317.68399999999997
1810	1814	40.116
1810	1815	60.363
1810	1795	146.53099999999998
767	748	91.702
767	493	86.34100000000001
1814	1810	40.116
1813	1412	8.753
1813	1411	138.954
1412	1816	11.648
1620	1619	66.729
1620	1034	544.0989999999999
1752	165	178.734
1021	1248	754.1929999999999
1021	1130	116.00800000000001
1021	1020	60.661
1815	1810	60.363
1811	1450	78.44800000000001
1811	1271	59.59700000000001
1247	93	127.979
1247	1817	63.134
1247	1548	99.337
1247	1358	428.1449999999999
1682	1637	169.62300000000002
907	282	13.301
907	1352	276.396
907	1122	246.752
1133	1370	71.22999999999999
1133	1132	34.511
1133	1317	28.979
1773	880	114.683
1332	1614	5.222
1332	1613	31.907
1317	1133	28.979
1317	1818	76.06700000000001
1317	1316	28.557000000000002
1457	1797	27.343000000000004
1457	1455	82.157
1818	1317	76.06700000000001
1819	1641	29.68
902	688	17.03
902	1660	120.776
902	438	83.739
712	142	109.60499999999999
1219	1708	300.24100000000016
1219	1708	105.94500000000001
1219	1218	141.45600000000002
303	301	113.339
303	310	93.317
1641	1819	29.68
1641	448	50.263
1820	1695	54.458
23	1799	32.083
23	22	241.269
1334	792	81.975
1334	381	176.92200000000003
1334	1333	97.34100000000001
1334	769	245.09600000000003
468	1418	104.019
468	502	351.68600000000004
1631	1785	41.64
1631	851	194.09900000000002
1631	1693	110.55000000000001
1418	1059	105.587
1418	468	104.019
1418	454	247.32700000000003
1656	1257	122.901
1656	1681	271.093
1656	1057	211.94599999999997
1299	1298	22.805
1590	1261	60.601
503	502	65.418
1681	1656	271.09299999999996
1681	862	86.548
1681	1057	126.93
1821	1548	113.72800000000001
1731	1822	62.592999999999996
1731	755	51.565999999999995
1731	1521	71.646
792	1334	81.975
792	1318	147.775
792	891	72.44200000000001
792	786	79.733
1822	1731	62.592999999999996
737	1455	17.269
737	718	299.168
737	734	88.385
1314	1313	28.072
1314	1745	19.676
1314	1791	176.57099999999997
1318	1312	78.41300000000001
1318	1672	38.275999999999996
1318	792	147.775
1670	1669	106.812
1823	1042	107.476
1823	1374	35.852000000000004
1823	1186	50.793
1817	1247	63.134
1817	79	22.778
1791	1739	16.077
1791	1532	91.967
1739	1791	16.077
1739	1746	78.75
1739	1562	379.40999999999997
1567	1059	219.81900000000002
1263	556	481.5899999999999
1263	1262	40.709
1624	1625	74.099
1624	1623	812.8530000000002
1624	1824	229.419
1582	1399	63.782
1824	1624	229.419
802	1182	182.27
802	796	29.232
1098	1825	109.747
1098	1503	106.125
1098	1083	102.79599999999999
1825	1098	109.747
1439	1438	293.52600000000007
1439	662	115.00900000000001
1439	1826	102.33700000000002
1439	1440	58.83299999999999
381	1334	176.92199999999997
381	373	46.313
381	889	84.947
1826	864	26.339
1826	1439	102.337
79	77	252.62899999999996
79	1817	22.593999999999998
1816	1530	8.266
1816	596	132.047
1800	1401	26.464000000000002
1800	1591	12.315
1717	954	12.457
1717	736	29.363
1374	1372	94.83399999999999
1374	1823	35.852000000000004
1374	1186	63.825
1335	1333	114.438
1335	312	143.494
1335	787	96.902
1724	865	65.081
1530	1813	10.533
1530	1531	24.57
967	572	311.03499999999997
1186	1185	147.861
1186	1823	50.793
1186	1374	63.825
940	1104	12.363
940	4	247.67299999999997
940	939	217.818
965	1124	214.553
965	270	26.803
965	963	133.813
1765	635	60.803000000000004
285	284	17.329
318	106	25.482
318	1387	37.365
1713	1827	32.212
1713	1359	107.67399999999999
1713	67	399.531
1827	1713	32.212
1827	1827	213.41700000000003
1827	1827	213.41699999999997
1808	1807	277.819
1808	1665	58.878
1828	1426	361.00800000000004
1662	1663	35.841
1662	1643	33.738
1662	1644	168.677
530	1829	31.423000000000002
530	1830	39.272999999999996
1830	1826	4.287
1831	24	28.682000000000002
1831	1246	10.408
1829	864	2.982
1829	1830	22.109
1497	1467	36.801
1497	1496	64.16
1806	1472	23.508
1806	1777	842.3750000000002
465	464	84.113
465	1725	39.44500000000001
465	1460	251.89400000000003
1657	1257	131.356
562	524	110.854
562	564	70.05199999999999
562	561	151.39799999999997
556	548	98.807
556	1628	74.776
556	1263	481.59
1250	1829	4.246
1250	1534	29.839
1548	1821	113.728
1548	1247	99.33699999999999
1548	1358	322.994
1246	1832	11.466999999999999
467	835	96.102
467	1833	188.548
467	464	27.453
241	242	403.53400000000016
241	1161	251.01
1833	467	188.548
1812	1385	144.92699999999996
1695	1769	58.633
1695	1820	54.458
1695	1501	73.51899999999999
1163	277	151.377
1163	351	258.577
1163	1162	132.195
547	546	50.636
547	886	224.686
547	835	59.223
490	633	218.562
490	488	175.751
490	1162	65.392
1450	1052	242.12899999999996
1053	1199	50.370999999999995
1053	1430	42.857
1772	42	58.756
1772	1043	44.358
277	1163	151.37699999999998
277	276	114.731
277	1070	114.04599999999999
336	564	72.075
336	630	74.11
336	216	280.686
1426	1425	38.626
1426	1828	361.008
1426	616	131.028
185	1669	55.406
185	182	243.68900000000005
185	1259	100.09700000000001
1834	1831	26.902000000000005
1076	1071	95.049
1076	1805	73.43799999999999
1076	1444	64.188
1832	60	26.517
1832	61	10.344999999999999
184	186	46.727
184	182	75.112
184	1669	281.739
1835	1834	9.096
1835	55	24.675
61	1835	9.756
55	52	112.817
55	1834	24.576999999999998
340	489	149.95100000000002
340	338	74.532
340	1440	126.99000000000001
662	335	125.997
662	127	131.31
662	1439	115.009
537	174	44.995
782	939	536.9669999999999
782	779	55.321
782	29	118.24000000000001
1481	1472	11.436
1481	1806	22.855
1540	482	93.053
1540	658	123.862
1540	1836	81.62100000000001
1836	1540	81.62100000000001
1148	1147	0.4
1148	1319	18.425
1063	1613	47.332
1063	1715	72.085
1063	432	187.49800000000005
1462	1461	18.734
1462	813	134.256
1462	213	44.442
706	703	37.533
706	1111	185.542
706	707	26.444000000000003
1665	1635	62.417
1665	1808	58.861
569	46	32.123