0	1	295.563
0	2	719.9040000000001
0	3	274.313
3	4	270.947
3	0	274.313
3	5	811.269
4	3	270.947
4	6	323.236
4	7	200.54600000000002
8	9	54.849999999999994
8	7	20.291
8	10	738.9670000000001
9	11	811.034
9	8	54.849999999999994
12	13	20.681
12	14	38.566
12	15	42.448
16	17	332.195
16	18	561.351
19	20	219.095
19	21	524.1239999999999
19	22	177.501
19	23	73.314
24	25	602.4370000000001
24	26	154.38500000000002
24	27	143.472
24	28	586.906
29	30	227.729
29	31	274.832
32	33	61.278
32	34	83.037
35	36	82.45400000000001
35	37	798.575
38	39	215.77100000000002
40	41	137.97199999999998
42	43	152.038
42	44	76.262
45	46	187.44
45	47	275.284
45	48	171.002
50	51	31.392
28	52	123.19200000000001
28	53	113.878
28	24	586.906
54	55	79.472
56	57	28.63
60	61	145.76100000000002
62	2	90.371
62	63	164.75000000000003
62	5	273.755
62	64	809.0400000000001
65	66	264.445
67	68	12.15
67	69	170.69400000000002
70	71	561.585
72	73	77.31
72	74	81.54
75	76	28.62
26	26	141.29
26	24	154.385
2	62	90.371
2	0	719.904
78	25	760.242
78	79	217.00400000000002
78	80	715.848
82	83	13.27
82	84	255.623
82	85	1212.31
86	87	499.39599999999996
18	88	337.61999999999995
18	21	716.936
93	94	80.365
93	95	18.308
93	96	574.8810000000001
96	97	183.909
96	98	227.882
96	99	105.53099999999999
96	93	574.8810000000001
98	96	227.882
98	100	774.0779999999999
98	101	233.299
102	103	256.408
102	104	230.288
102	105	730.604
102	106	186.19
105	107	731.4019999999998
105	108	244.54799999999997
105	102	730.6039999999999
109	110	531.738
109	111	67.91499999999999
110	112	51.738
110	113	127.38399999999999
112	114	66.824
112	115	230.77499999999998
112	113	125.06900000000002
115	116	345.761
115	117	137.822
117	118	52.113
117	119	71.724
120	121	87.215
120	122	113.58500000000001
120	123	374.88
124	125	15.17
124	126	228.735
127	128	109.353
129	130	8.205
129	122	189.07
131	132	12.121
131	133	53.258
131	14	293.92600000000004
134	135	122.761
134	136	117.395
134	137	209.96699999999998
134	133	319.999
137	138	118.925
137	139	121.868
137	140	176.295
137	134	209.96699999999998
140	141	118.979
140	137	176.295
140	142	122.114
140	143	176.671
143	144	131.061
143	145	118.851
143	146	122.114
143	140	176.671
144	147	129.414
144	148	90.445
144	149	118.762
144	143	131.061
147	144	129.414
147	150	27.281
147	148	156.831
151	152	391.04499999999996
152	87	11.367
152	151	391.045
152	153	54.81
154	155	973.0580000000002
154	64	414.99
154	156	738.523
154	157	271.84499999999997
73	72	77.31
73	158	217.345
73	159	80.136
159	73	80.136
159	58	77.369
58	160	213.70799999999997
58	159	77.369
58	161	638.438
161	162	216.403
161	163	86.296
161	58	638.438
163	164	216.715
163	161	86.296
163	165	86.718
165	166	178.94099999999997
165	167	490.29
165	163	86.718
167	168	215.952
167	169	258.88399999999996
167	170	575.587
167	165	490.28999999999996
170	171	217.246
170	167	575.5870000000001
170	172	487.39500000000004
172	50	378.155
172	170	487.395
173	174	43.796
173	175	110.89400000000002
177	178	274.6
177	179	245.262
180	181	203.082
180	182	141.41
183	184	76.647
183	180	80.107
185	186	184.508
185	183	237.507
187	185	81.355
187	188	100.74
189	190	98.587
189	48	174.76399999999998
189	187	256.224
191	88	12.296
191	192	65.969
193	194	67.389
193	191	887.55
195	196	737.3549999999998
195	197	151.77100000000002
198	195	101.428
198	199	317.856
198	114	156.913
200	198	192.483
200	201	162.28199999999998
202	203	469.57700000000006
202	200	122.56400000000001
204	205	15.427
204	206	568.5879999999999
207	204	673.637
208	209	78.92200000000001
208	207	495.21400000000006
208	210	278.662
211	212	109.60199999999999
211	213	255.28000000000003
214	211	226.986
214	212	197.163
215	216	19.966
215	214	50.486999999999995
217	215	92.006
217	218	198.935
219	53	233.394
219	220	96.948
219	221	41.259
222	27	104.62
222	223	17.3
222	219	594.191
224	225	120.818
224	226	16.688
224	222	576.837
227	224	723.4459999999999
227	228	25.016
229	11	124.07399999999998
229	227	85.65700000000001
229	230	22.828
10	229	84.202
231	232	16.711
231	233	243.62300000000002
231	234	180.024
235	236	734.253
235	237	20.593
235	238	162.45499999999998
239	240	18.314
239	241	225.388
239	235	554.076
242	243	134.253
242	239	803.9639999999999
242	244	18.033
245	246	18.308
245	242	804.386
247	248	38.071
247	249	56.325
94	247	75.907
94	250	18.3
94	251	100.57
97	96	183.909
97	93	491.774
97	252	18.306
101	97	241.01000000000002
101	98	233.29899999999998
101	253	14.481
254	255	46.313
254	256	155.226
257	255	39.666
257	258	676.533
258	259	122.53299999999999
258	260	84.95899999999999
258	257	676.533
260	106	166.178
260	104	173.961
260	258	84.95899999999999
104	260	173.961
104	107	223.88299999999998
104	261	73.854
104	102	230.288
107	105	731.4019999999999
107	262	250.248
107	104	223.883
262	263	299.021
262	107	250.248
263	264	401.459
263	15	265.256
263	262	299.02099999999996
265	136	124.514
265	266	100.436
265	267	99.232
265	268	52.569
265	269	210.577
269	138	119.899
269	270	176.379
269	271	176.91
269	265	210.577
270	141	117.704
270	269	176.379
270	272	176.746
270	273	179.825
272	270	176.746
272	145	117.05199999999999
272	274	178.43400000000003
272	275	131.2
275	276	22.924
275	272	131.20000000000002
275	277	217.808
275	149	104.245
278	279	66.22800000000001
278	280	140.169
278	276	361.342
281	282	87.638
281	283	154.47
283	284	145.007
283	285	808.605
283	281	154.47
286	284	23.767
286	287	142.44
286	288	808.778
287	286	142.44
287	289	154.76500000000001
287	290	576.22
289	291	215.56199999999998
289	287	154.76500000000001
289	292	808.99
291	289	215.56199999999998
291	171	228.32500000000002
291	293	577.312
171	170	217.246
171	291	228.32500000000002
171	294	808.8100000000002
295	296	77.073
295	297	266.141
299	300	212.043
301	302	173.70000000000002
301	303	205.754
301	304	306.051
302	305	13.078
302	301	173.70000000000002
302	306	256.265
307	277	427.77200000000005
307	305	294.252
307	308	122.553
308	307	122.553
309	310	125.081
309	311	170.839
312	313	12.248
312	119	302.55800000000005
312	314	28.389000000000003
315	316	16.672
315	317	214.80400000000003
315	318	208.834
319	320	16.778
321	320	185.77499999999998
321	322	422.899
176	323	133.929
324	325	158.86400000000003
160	324	229.346
160	326	157.905
119	327	35.739
119	312	302.558
119	328	439.719
327	119	35.739
327	118	67.242
329	195	262.26
329	330	86.98599999999999
330	199	95.821
330	331	119.90800000000002
203	40	113.62100000000001
203	332	512.922
333	297	349.543
333	334	312.608
333	335	469.23100000000005
335	210	310.93899999999996
335	336	273.777
335	337	703.598
337	338	273.84200000000004
337	174	309.315
337	339	555.787
339	340	78.977
339	341	310.649
340	342	244.21999999999997
340	343	274.894
342	344	275.251
342	345	308.379
342	346	161.554
346	347	76.886
346	348	309.504
347	349	273.957
347	350	398.72900000000004
350	351	245.04600000000002
350	179	272.92900000000003
350	352	311.32800000000003
351	177	272.138
351	353	78.907
353	354	311.147
353	355	239.225
355	356	80.868
355	357	272.077
356	358	310.95799999999997
356	359	236.489
359	360	273.584
359	361	79.40299999999999
361	362	310.883
361	363	244.87399999999997
363	364	310.93
363	48	273.721
363	47	170.793
47	365	250.18099999999998
47	45	275.284
366	367	10.096
366	368	267.641
366	369	83.184
370	369	475.8020000000001
370	371	272.39099999999996
372	373	163.275
372	374	274.667
372	370	318.907
372	375	291.644
373	376	275.532
373	372	163.27500000000003
373	377	76.267
377	378	236.822
377	373	76.267
378	377	236.822
379	378	163.279
379	380	275.158
379	381	287.36400000000003
382	379	164.43099999999998
382	383	79.813
383	382	79.813
383	384	80.209
384	385	274.302
384	383	80.209
384	386	238.531
386	387	79.724
386	384	238.531
387	386	79.724
387	388	274.613
387	389	236.404
389	387	236.40400000000002
389	390	82.64
390	391	273.953
390	389	82.64
390	392	244.14499999999998
390	59	197.906
392	393	227.58300000000003
392	390	244.14499999999998
392	394	642.277
392	395	274.029
396	397	96.002
297	396	859.4820000000001
297	295	266.141
297	333	349.543
394	398	276.258
394	399	82.102
394	392	642.277
399	53	480.835
399	394	82.102
53	219	233.394
53	27	577.095
53	28	113.878
53	399	480.83500000000004
27	222	104.62
27	24	143.472
27	225	576.295
27	53	577.095
225	224	120.818
225	25	241.24
225	27	576.295
225	79	723.126
79	225	723.1259999999999
79	11	86.085
79	227	125.83600000000001
11	400	202.63299999999998
11	9	811.034
11	229	124.074
11	79	86.085
274	273	176.08100000000002
274	272	178.43400000000003
274	277	133.151
145	141	176.42
145	149	130.736
145	143	118.851
145	272	117.05199999999999
146	401	83.864
146	142	176.673
146	402	52.56400000000001
146	143	122.114
402	401	82.745
402	403	8.183
402	404	83.541
402	146	52.56400000000001
405	406	243.661
405	403	172.957
63	2	138.563
63	407	571.432
118	201	134.732
118	202	161.492
296	408	47.689
409	410	285.13100000000003
411	412	64.943
411	84	59.876000000000005
412	413	293.567
414	415	160.96800000000002
414	416	214.90699999999998
417	355	311.226
417	354	238.74800000000002
357	180	72.516
357	182	79.627
181	418	79.908
181	419	273.245
419	420	273.646
419	421	238.20299999999997
420	388	79.784
420	386	273.853
422	423	806.0039999999999
422	424	265.723
425	351	311.514
425	352	244.49099999999999
178	426	273.742
178	427	79.69000000000001
426	428	273.85
426	429	244.632
428	385	80.461
428	383	274.98499999999996
430	431	10.49
430	432	30.381
430	433	18.785
135	431	116.551
135	134	122.761
135	139	209.659
136	265	124.514
136	138	209.875
136	134	117.395
266	267	69.779
266	271	250.582
266	434	388.57099999999997
364	435	154.984
364	363	310.93
364	362	244.77700000000002
435	364	154.984
435	436	144.353
435	437	166.299
438	436	19.929
438	439	146.835
438	440	166.76999999999998
439	438	146.835
439	441	153.457
439	442	244.615
441	443	87.83
441	44	216.72
441	439	153.457
44	444	245.195
44	42	76.262
44	441	216.72
445	446	18.361
445	447	480.223
448	446	95.788
448	449	93.23400000000001
449	450	306.295
449	451	106.402
449	448	93.23400000000001
450	452	342.97499999999997
450	449	306.295
450	453	304.038
450	454	426.89899999999994
452	455	137.141
452	453	135.773
452	456	810.615
452	450	342.975
457	458	88.85
457	459	193.062
457	460	328.00500000000005
457	456	488.74700000000007
460	461	140.127
460	462	88.41900000000001
460	463	244.03799999999998
460	457	328.005
463	151	158.454
463	460	244.038
463	464	323.06300000000005
465	466	154.086
465	467	415.86100000000005
465	468	98.54899999999999
465	464	250.70700000000002
467	469	118.331
467	465	415.86099999999993
470	471	94.866
470	469	57.784000000000006
472	473	174.466
472	470	132.27599999999998
473	474	20.243
473	252	126.903
473	472	174.466
473	475	143.771
476	253	23.072
476	477	107.1
476	254	81.622
476	474	254.70200000000006
256	257	106.578
256	478	565.903
478	479	134.779
478	480	81.875
478	256	565.903
480	481	119.015
480	482	167.79899999999998
480	478	81.875
482	483	134.14100000000002
482	484	475.3529999999999
482	480	167.799
482	261	118.83099999999999
484	485	118.66
484	486	450.071
484	482	475.35300000000007
486	484	450.0709999999999
486	485	514.0540000000001
486	487	24.866999999999997
487	264	40.976
487	486	24.866999999999997
487	488	81.102
489	490	194.828
489	491	58.259
489	492	21.681
121	120	87.215
121	493	429.5009999999999
121	494	124.72300000000001
121	490	465.779
494	121	124.72300000000001
122	494	34.701
122	129	189.06999999999996
122	120	113.58500000000001
447	495	17.339
447	496	238.64800000000002
497	498	187.50199999999998
497	64	733.2779999999999
354	499	154.935
354	425	79.722
499	500	145.38100000000003
499	501	238.63
502	503	79.644
502	504	157.108
504	505	213.517
504	506	238.336
505	507	80.275
505	508	230.54000000000002
508	509	242.90299999999996
508	510	242.98500000000004
511	424	13.391
511	512	266.907
511	513	805.404
512	514	96.289
512	511	266.907
512	515	357.02000000000004
512	516	805.224
514	462	89.244
514	512	96.289
514	69	941.5580000000001
462	514	89.244
462	460	88.41900000000001
462	458	327.53999999999996
461	517	132.809
461	460	140.127
461	518	487.7780000000001
461	459	322.816
517	244	269.546
517	461	132.809
517	466	804.9470000000001
517	519	323.423
243	242	134.253
243	241	821.7090000000002
243	520	323.714
520	521	346.27
520	521	332.0810000000001
520	243	323.71399999999994
522	523	465.431
522	209	108.67
522	524	153.863
523	522	465.431
525	526	84.04
525	527	124.789
525	374	147.284
528	526	77.839
528	529	122.304
77	530	77.933
77	531	147.295
530	429	125.735
530	380	148.097
532	533	96.036
534	330	119.39899999999999
534	535	74.912
536	534	21.387
536	537	245.23899999999998
535	537	232.659
535	329	46.17
538	539	56.912
538	540	75.403
538	541	236.142
538	66	37.743
542	543	78.664
544	34	134.969
544	545	84.603
34	544	134.969
34	546	84.42399999999999
547	548	140.45
547	549	238.389
549	550	133.644
549	547	238.389
549	551	80.74
551	552	275.464
551	549	80.74
551	156	482.64099999999996
156	553	274.486
156	154	738.523
156	551	482.641
64	62	809.04
64	154	414.99
64	497	733.2780000000002
64	554	271.589
1	0	295.563
1	496	49.29899999999999
555	6	271.233
555	3	321.27299999999997
555	556	138.933
555	557	1098.5489999999998
558	339	273.947
558	338	554.956
343	558	80.129
343	559	273.466
498	560	155.22299999999998
498	155	410.31899999999996
560	561	80.267
408	336	271.112
408	562	656.278
408	563	253.846
564	565	7.36
564	566	556.1510000000001
564	338	273.353
567	568	162.84199999999998
567	344	273.762
567	527	275.913
568	569	77.844
568	570	273.144
569	571	399.035
569	572	275.022
571	178	244.707
571	179	273.953
571	429	273.67999999999995
427	573	274.044
427	181	238.55299999999997
418	183	197.997
418	186	236.949
186	574	273.78299999999996
186	575	81.39
575	187	173.00199999999998
575	190	243.499
190	189	98.587
190	576	135.401
190	577	274.305
578	579	40.16099999999999
578	454	459.745
454	446	246.736
454	450	426.899
454	578	459.74499999999995
454	580	272.525
453	516	804.1840000000001
453	452	135.773
453	581	267.476
453	450	304.038
516	456	140.779
516	513	266.116
516	512	805.224
516	453	804.184
515	582	140.409
515	583	124.118
515	512	357.02000000000004
583	69	321.97299999999996
583	515	124.118
584	585	15.823
584	586	243.19
61	587	41.388999999999996
61	588	34.711
589	590	140.738
589	488	1019.0550000000002
589	591	472.676
590	488	609.543
590	483	475.312
590	484	134.062
485	262	140.184
485	486	514.0540000000001
485	261	475.56899999999996
71	592	81.434
592	593	43.815
592	396	155.98499999999999
563	594	293.667
563	408	253.846
595	596	484.7780000000001
595	597	154.742
597	598	146.233
597	595	154.742
597	599	575.538
600	598	22.515
600	601	141.91199999999998
600	602	575.221
601	603	154.833
601	600	141.912
601	604	484.67800000000005
603	601	154.833
603	605	577.023
603	606	216.05299999999997
606	607	484.6259999999999
606	164	227.90200000000002
606	603	216.053
164	168	576.616
164	163	216.715
164	606	227.90200000000002
325	608	80.757
158	609	131.282
158	49	80.13799999999999
610	611	471.722
610	612	84.90100000000001
613	359	310.594
613	358	238.781
614	613	155.00400000000002
614	615	79.384
616	617	19.96
616	618	79.083
619	616	146.631
619	620	238.467
621	622	79.978
621	619	156.02300000000002
623	621	213.568
623	624	239.577
625	626	79.704
625	623	229.716
580	454	272.52500000000003
475	37	251.695
475	471	168.051
475	474	160.719
627	628	54.565
627	629	372.203
627	99	61.904
352	630	154.60899999999998
352	350	311.328
352	631	398.95599999999996
179	349	399.17900000000003
179	350	272.929
179	571	273.953
429	530	125.735
429	632	76.424
429	571	273.68
380	530	148.097
380	379	275.158
380	428	244.55399999999997
381	379	287.364
116	314	189.45
116	633	220.26999999999998
116	318	89.991
634	635	16.386
634	636	242.238
345	342	308.379
345	637	241.143
345	638	155.404
344	343	242.505
344	567	273.762
344	342	275.251
527	525	124.789
527	639	242.61700000000002
527	567	275.913
374	372	274.667
374	376	162.75900000000001
374	525	147.284
341	640	154.313
341	176	313.774
533	566	276.73600000000005
533	641	558.3550000000001
371	642	28.939
371	643	78.17699999999999
644	645	213.319
644	646	234.99899999999997
644	647	607.566
648	649	323.52700000000004
648	650	144.26999999999998
174	173	43.79599999999999
174	210	702.3159999999999
174	337	309.31500000000005
338	336	704.4409999999999
338	564	273.353
338	337	273.842
641	368	269.941
641	565	270.909
641	651	614.876
368	641	269.941
368	371	556.615
368	366	267.64099999999996
138	141	176.693
138	136	209.875
138	269	119.899
138	137	118.925
141	145	176.42
141	138	176.693
141	140	118.979
141	270	117.704
149	652	75.612
149	144	118.762
149	275	104.245
149	145	130.736
652	276	119.366
652	149	75.61200000000001
586	653	124.223
586	654	804.6060000000001
586	655	303.382
586	584	243.19
656	657	10.551
334	207	380.357
658	123	255.17200000000003
658	659	22.35
658	319	209.13899999999998
660	661	20.855
660	658	275.37100000000004
660	490	234.00300000000001
491	660	76.385
491	662	22.320999999999998
663	664	38.978
663	662	33.888
662	664	19.075
662	492	58.452999999999996
664	665	92.52699999999999
661	660	20.854999999999997
661	663	53.72
661	666	150.47799999999998
659	661	275.498
659	658	22.35
659	318	218.589
238	235	162.45499999999998
238	667	148.105
668	669	77.742
668	670	15.656
20	671	73.075
20	17	489.668
493	672	46.917
493	673	25.045
493	121	429.50100000000003
674	675	100.511
676	240	269.967
676	128	126.72200000000001
676	677	703.5040000000001
676	519	479.57800000000003
128	676	126.72200000000001
128	459	475.38
128	455	859.8800000000001
128	127	109.353
501	417	155.26400000000004
501	678	79.61500000000001
679	680	20.009
679	681	78.525
682	679	146.1
682	502	238.442
506	683	80.122
506	682	156.609
684	505	237.72099999999998
684	506	213.70999999999998
685	686	1003.055
685	649	226.222
685	687	224.406
687	688	212.489
687	685	224.406
687	689	1032.1989999999998
241	239	225.388
241	243	821.7089999999998
241	690	582.6120000000001
691	692	298.528
691	650	50.857
218	220	398.04900000000004
218	399	276.401
456	693	166.83599999999998
456	457	488.747
456	452	810.615
456	516	140.779
693	458	316.898
458	457	88.85
458	693	316.898
458	514	324.95799999999997
153	462	789.446
468	152	21.108
468	87	18.021
468	410	653.251
468	465	98.54899999999999
410	471	192.767
410	409	285.131
410	468	653.251
694	153	36.193999999999996
694	87	54.597
694	695	429.673
336	408	271.112
336	335	273.777
336	297	250.99599999999995
696	448	58.349
696	445	86.935
451	696	79.928
581	697	14.231
581	451	564.238
581	453	267.47600000000006
513	698	13.729
513	581	803.5920000000001
513	516	266.116
570	346	275.724
570	344	162.18
349	569	273.408
349	570	77.139
573	177	78.866
573	353	273.201
182	573	159.25400000000002
184	356	272.514
184	357	80.028
360	185	89.39000000000001
360	184	237.09099999999998
188	361	273.26099999999997
188	360	80.322
48	189	174.76399999999998
48	363	273.721
48	188	244.309
455	128	859.88
455	452	137.141
455	677	298.379
358	678	155.154
358	417	79.423
699	419	79.848
699	418	273.807
388	699	273.85
388	700	236.58100000000002
155	154	973.058
155	595	575.7700000000001
155	599	154.222
686	685	1003.0549999999998
686	689	223.84799999999996
404	701	26.899
404	402	83.541
702	703	151.009
210	208	278.66200000000003
210	335	310.93899999999996
210	334	477.57399999999996
209	522	108.67
209	208	78.92200000000001
209	704	714.393
524	612	702.943
524	705	216.117
524	706	782.744
524	522	153.863
705	707	1037.3770000000002
705	688	229.09
705	524	216.117
688	687	212.489
688	708	701.6830000000001
688	705	229.09
649	685	226.222
649	648	323.527
649	125	974.1830000000001
666	665	158.19
666	661	150.478
114	197	67.404
114	112	66.824
114	198	156.913
199	200	446.418
199	709	51.068
199	198	317.856
41	710	109.199
41	711	83.188
41	712	52.972
713	267	202.43399999999997
267	714	31.118000000000002
267	713	202.43399999999997
310	715	450.1300000000001
715	690	92.78399999999999
715	716	85.80199999999999
690	716	93.69000000000001
690	241	582.612
716	717	444.55699999999996
717	309	135.668
717	310	78.49900000000001
718	719	4.931
718	702	80.20400000000001
703	233	4.908
703	720	251.059
720	721	4.929
720	722	329.158
722	723	8.204
722	80	54.129
80	78	715.8480000000002
80	723	55.353
25	225	241.24
25	24	602.437
25	78	760.2419999999998
724	725	9.826
724	726	127.793
724	521	212.37900000000002
521	724	212.379
521	520	332.081
398	218	80.86399999999999
398	215	245.75300000000001
221	414	85.812
221	219	41.259
221	553	272.289
415	416	97.312
415	727	328.832
727	728	274.258
727	729	166.889
727	223	151.863
729	730	409.324
729	157	273.87300000000005
730	554	273.278
730	731	808.624
730	226	137.357
731	5	270.796
731	230	127.30199999999999
731	4	810.9050000000001
6	555	271.233
6	557	971.8620000000001
6	232	264.832
677	557	348.78
677	237	304.567
677	455	298.37899999999996
677	676	703.504
519	459	132.023
519	517	323.423
519	676	479.57800000000003
466	465	154.086
466	246	270.026
466	517	804.947
466	732	401.993
732	469	80.288
732	466	401.993
732	467	57.055
469	732	80.288
469	470	57.784000000000006
471	472	83.352
471	410	192.767
471	470	94.86599999999999
471	475	168.051
37	477	140.878
37	35	798.575
37	475	251.695
36	733	141.03
36	35	82.454
36	591	170.306
591	36	170.306
591	589	472.676
591	483	140.584
734	735	118.523
707	736	50.516
707	734	50.403
737	705	702.828
737	708	230.772
737	612	216.025
738	739	229.61999999999998
738	737	557.485
30	740	115.07400000000001
30	32	75.289
741	742	215.73899999999998
741	743	212.74499999999998
741	30	398.56199999999995
507	744	213.192
507	741	243.885
624	684	79.583
624	745	228.858
444	623	78.187
444	626	229.646
55	44	86.25099999999999
746	326	228.314
746	324	158.817
607	747	36.306
607	748	11.518
293	605	216.65
293	168	227.751
293	606	576.747
749	291	808.525
749	292	216.952
749	294	228.76599999999996
750	751	215.07199999999997
750	749	86.743
752	750	723.6889999999999
752	753	228.238
752	754	216.035
755	756	216.001
755	81	211.881
755	752	1542.962
91	755	163.827
736	757	15.913
736	734	18.197
407	758	189.87999999999997
407	63	571.4319999999999
759	758	85.684
759	407	157.347
758	285	155.056
758	281	808.6549999999999
157	154	271.845
157	728	163.93
216	760	6.708
216	761	91.367
553	156	274.486
553	552	485.31600000000003
553	221	272.289
728	727	274.258
728	553	575.7339999999999
554	730	273.278
554	64	271.589
554	157	412.11699999999996
5	731	270.796
5	62	273.755
5	554	809.625
631	348	78.041
631	347	310.443
762	377	275.736
762	531	318.107
763	499	79.62100000000001
763	425	154.958
503	763	311.11
503	764	242.13800000000003
744	503	157.286
744	504	79.546
765	507	230.762
765	508	77.877
483	590	475.31199999999995
483	733	168.221
483	591	140.584
483	482	134.14100000000002
261	481	167.64499999999998
261	485	475.56899999999996
261	104	73.854
261	482	118.83099999999999
766	671	46.19
766	767	110.471
766	768	33.467
769	767	501.506
769	770	17.544
770	672	556.9780000000001
770	771	296.88
770	769	17.544
17	21	147.37499999999997
17	20	489.668
17	16	332.19499999999994
654	85	303.647
654	411	1486.4620000000002
654	772	155.563
772	773	733.19
772	654	155.563
772	774	140.592
775	774	27.225
775	776	142.197
776	777	1541.732
776	756	153.913
776	775	142.197
756	91	375.69399999999996
756	755	216.001
756	776	153.913
675	81	18.139
303	778	139.086
303	279	176.385
303	301	205.75400000000002
529	527	161.773
529	568	275.80800000000005
632	77	127.725
632	572	322.765
421	426	80.073
421	427	273.77
779	575	274.869
779	574	79.323
577	395	274.152
577	190	274.30500000000006
577	779	244.402
780	406	158.47500000000002
406	405	243.661
406	780	158.47500000000002
406	781	180.911
162	164	87.35400000000001
300	782	124.655
300	329	542.8589999999999
782	60	686.809
638	783	145.696
638	345	155.404
638	784	163.075
785	786	148.389
785	787	241.71699999999998
785	788	155.997
788	785	155.997
788	789	162.98600000000002
788	545	75.047
545	546	139.809
545	788	75.047
790	33	163.255
790	791	165.12099999999998
790	546	62.977000000000004
791	792	137.91
791	793	163.945
791	790	165.12099999999998
792	794	144.92
792	791	137.91
640	795	151.078
640	796	78.398
797	798	150.618
797	799	78.829
798	611	154.986
798	800	556.21
611	738	214.082
611	801	78.413
739	791	318.698
197	110	69.515
197	109	535.49
201	115	53.583
201	114	218.124
636	209	1159.2150000000001
636	204	127.61
802	40	299.73799999999994
803	804	8.256
803	805	9.063
803	806	177.312
803	807	152.459
139	137	121.868
139	804	113.755
139	142	176.55
139	135	209.659
271	269	176.91
271	273	176.71200000000002
271	266	250.582
808	368	616.725
150	652	130.848
150	147	27.281
150	279	321.44399999999996
175	640	553.722
175	173	110.894
175	809	151.998
796	637	154.647
796	638	242.448
784	810	146.319
784	811	78.805
811	630	397.9239999999999
811	631	155.034
630	764	312.82500000000005
630	352	154.60899999999998
630	763	244.91699999999997
678	614	238.60899999999998
678	812	145.102
615	813	144.802
615	435	244.717
437	814	144.422
437	815	78.837
815	816	154.329
815	817	397.22299999999996
817	818	144.121
817	819	79.069
819	596	155.13799999999998
819	597	484.74100000000004
599	820	147.743
599	560	410.05499999999995
599	155	154.22199999999998
561	282	155.198
561	283	88.108
285	821	85.041
285	758	155.056
285	822	143.821
821	759	155.02
821	823	726.4469999999999
823	824	142.145
823	772	1539.9389999999996
823	413	154.624
825	302	119.962
825	279	85.484
142	146	176.673
142	139	176.55
142	826	113.936
142	140	122.114
401	146	83.864
401	148	59.623
401	402	82.745
827	828	9.77
827	781	72.917
800	612	155.194
800	704	149.57999999999998
787	799	150.834
787	798	78.594
829	789	158.06799999999998
829	785	162.906
830	831	147.058
830	829	77.451
764	630	312.82500000000005
764	743	156.45499999999998
764	830	402.18699999999995
620	683	156.495
620	682	79.77799999999999
442	622	155.826
442	619	79.781
832	833	154.868
832	439	165.905
834	835	144.186
834	832	81.178
836	837	154.396
836	834	395.10799999999995
604	838	144.63
604	836	79.191
290	605	154.79299999999998
290	602	142.034
290	601	577.747
839	288	144.17
839	292	153.666
839	287	809.269
777	839	809.6469999999998
777	840	142.847
777	754	154.506
596	841	208.483
596	842	79.011
838	843	21.987
838	600	484.375
844	604	154.322
844	603	484.64699999999993
845	607	227.909
845	162	397.197
459	519	132.023
459	457	193.062
459	461	322.816
459	128	475.3799999999999
537	782	291.19
440	835	78.44
440	832	145.051
846	74	216.354
846	847	78.801
846	848	93.50999999999999
74	43	382.078
74	846	216.354
74	72	81.54
849	22	54.909
397	71	149.496
397	802	244.48199999999997
518	461	487.77799999999996
704	809	10.482
704	797	554.749
704	800	149.57999999999998
612	524	702.9430000000001
612	800	155.19400000000002
612	737	216.025
612	610	84.90100000000001
708	739	557.6279999999999
708	90	329.386
708	737	230.77200000000002
90	691	302.752
90	692	29.465999999999998
90	708	329.38599999999997
751	750	215.072
751	754	723.0100000000001
582	583	66.52
582	540	272.036
282	497	174.171
282	498	80.191
700	391	80.636
700	389	273.339
298	259	325.962
259	298	325.962
259	478	118.27
259	481	82.349
481	260	104.989
481	259	82.349
481	261	167.64499999999998
831	850	18.278
831	851	183.141
852	830	158.044
852	743	399.79499999999996
126	853	14.857
126	854	335.9940000000001
801	787	155.22899999999998
801	788	241.61100000000002
789	852	78.594
789	32	213.523
743	764	156.45499999999998
743	741	212.745
743	744	243.398
683	624	213.93200000000002
683	621	238.132
622	444	213.803
622	441	244.512
443	55	215.891
443	833	77.41999999999999
837	746	215.482
837	855	68.16799999999999
605	293	216.65
605	290	154.79299999999998
605	289	576.96
292	839	153.666
292	749	216.952
292	751	87.015
754	752	216.035
754	777	154.506
754	756	1542.9889999999998
362	615	154.82
362	613	79.193
391	395	245.38
391	779	273.069
413	759	724.401
413	823	154.624
840	824	26.036
840	777	142.847
840	775	1541.369
753	856	810.8499999999999
753	752	228.23799999999997
169	167	258.884
123	120	374.88000000000005
123	658	255.172
665	857	250.98499999999999
637	341	77.066
637	340	309.66
643	374	241.66899999999998
488	590	609.543
488	487	81.10199999999999
488	589	1019.0550000000001
318	659	218.58899999999997
318	315	208.834
318	859	217.90300000000002
39	860	12.615
39	38	215.771
248	861	146.354
248	249	68.701
248	251	96.70800000000001
479	35	140.656
479	733	82.245
479	477	797.471
233	703	4.908
233	231	243.623
233	862	150.115
863	1	32.149
806	803	177.312
806	826	8.662
806	864	60.926
806	865	9.111
348	784	153.996
348	345	164.87
376	528	149.75799999999998
376	762	77.083
85	866	15.116
85	654	303.647
85	655	804.2579999999999
655	423	14.674
655	422	806.9119999999999
655	586	303.382
264	263	401.459
264	487	40.976
853	126	14.857
853	125	229.518
853	867	857.6499999999999
868	869	80.474
868	193	148.246
869	299	138.836
594	563	293.667
594	808	88.87899999999999
858	854	23.041
858	853	330.77500000000003
33	793	167.328
778	303	139.086
279	303	176.385
279	825	85.484
279	278	66.22800000000001
279	150	321.444
21	17	147.375
21	870	170.44899999999998
21	18	716.9360000000001
21	19	524.124
689	322	15.557
689	871	207.74599999999995
689	687	1032.1989999999998
733	480	133.61
733	483	168.221
733	479	82.245
872	477	151.51600000000002
477	476	107.1
477	37	140.878
477	872	151.51600000000002
477	479	797.4709999999999
781	865	53.49
781	406	180.911
781	827	72.917
781	433	765.9230000000001
273	274	176.08100000000002
273	271	176.71200000000002
273	270	179.825
395	398	640.522
395	577	274.152
395	392	274.029
842	817	155.335
842	816	396.88400000000007
873	836	144.876
873	838	79.493
326	845	79.428
148	401	59.623
148	144	90.445
148	147	156.83100000000002
531	380	81.562
385	421	273.814
385	420	237.858
793	29	77.233
793	874	128.12800000000001
742	875	26.461
742	876	77.882
742	741	215.73899999999998
877	745	32.237
745	625	238.793
626	43	245.311
49	159	216.05000000000004
49	160	79.781
168	167	215.952
168	293	227.751
168	171	577.444
856	57	317.70500000000004
856	674	630.512
799	878	9.953
799	879	157.862
618	442	146.812
618	438	245.173
880	92	172.39999999999998
880	881	70.177
854	858	64.94200000000001
288	822	22.872
288	839	144.17
288	840	809.823
841	842	190.095
841	550	560.7439999999999
492	647	154.107
492	882	453.47900000000004
492	489	21.680999999999997
543	831	78.069
543	829	147.249
277	307	427.772
277	274	133.151
277	275	217.808
681	616	238.92600000000002
681	620	146.198
602	820	23.132
602	290	142.034
602	286	578.7139999999999
304	301	306.05100000000004
100	258	130.521
100	106	72.573
100	98	774.078
106	100	72.57300000000001
106	102	186.19
628	627	54.565
628	883	545.8770000000001
883	884	280.12
883	628	545.8769999999998
884	885	41.879000000000005
885	670	311.94599999999997
885	884	54.848000000000006
886	103	9.286
670	668	15.656
670	887	69.934
670	885	311.94599999999997
669	668	77.742
59	390	197.906
888	502	145.645
888	679	238.85200000000003
768	889	10.294
768	766	33.467
369	367	79.53
369	890	186.939
367	366	10.096
890	369	186.93900000000002
375	372	291.644
393	392	227.58300000000003
550	551	119.526
550	841	560.7439999999999
875	742	26.461
875	891	518.018
875	876	77.465
892	869	154.43400000000003
892	193	79.686
671	766	46.19
671	20	73.075
893	533	21.204
893	894	170.96299999999997
848	846	93.51
81	675	18.139
81	755	211.881
585	881	8.238
585	880	68.87
895	896	26.349
895	897	115.32
896	895	26.349
896	898	116.01299999999999
899	900	21.481
899	901	28.422
695	901	25.479
695	538	34.483000000000004
695	694	429.673
902	903	10.518
902	67	35.108
434	266	388.571
651	808	276.776
651	563	92.872
904	905	7.788
905	643	102.594
905	906	48.340999999999994
906	532	77.407
906	894	16.499
894	904	33.045
323	174	108.30899999999998
323	173	116.83500000000001
320	907	424.25600000000003
320	908	24.475
908	317	17.043
908	316	214.58799999999997
316	315	16.672
316	313	102.378
316	757	422.908
237	240	562.885
237	235	20.593
237	677	304.567
240	676	269.967
240	239	18.314
240	244	804.128
244	517	269.546
244	246	803.979
244	242	18.033
246	245	18.308
246	466	270.026
246	909	167.094
909	247	18.308
909	250	76.168
250	95	79.796
250	94	18.3
95	93	18.308
95	252	491.779
252	473	126.903
252	253	240.629
252	97	18.306
253	476	23.072
253	254	77.073
253	101	14.481
783	786	17.597
783	638	145.696
783	878	242.353
850	810	78.075
850	811	146.242
810	543	18.497
810	783	163.702
851	910	53.074000000000005
910	888	550.9
400	11	202.63299999999998
912	251	330.18199999999996
912	629	51.57899999999999
913	629	33.824
913	912	27.421999999999997
913	725	434.895
914	915	21.206
914	861	54.077999999999996
861	915	67.749
861	251	111.66799999999999
916	251	918.6949999999999
672	673	55.591
672	770	556.978
673	493	25.045
882	917	14.383
882	918	67.126
882	492	453.479
646	919	14.985
646	882	49.677
646	644	234.999
194	849	409.322
192	920	329.38699999999994
192	868	912.7520000000001
88	191	12.296
88	18	337.62
794	792	144.92000000000002
874	794	19.503
66	69	200.072
66	538	37.742999999999995
69	66	200.072
69	514	941.5579999999998
69	67	170.694
69	583	321.973
898	900	54.037
898	899	68.641
539	895	97.03899999999999
653	657	23.253
653	586	124.223
92	880	172.39999999999998
609	325	97.732
876	765	170.77899999999997
509	510	10.692
509	877	45.938
31	921	14.552
31	922	30.922
52	28	123.19200000000001
667	75	81.771
667	238	148.10500000000002
234	9	142.01999999999998
234	8	154.998
629	913	33.824
629	627	372.203
249	245	110.46100000000001
446	445	18.361
446	454	246.736
84	412	65.704
84	82	255.62300000000002
714	265	66.94
714	268	42.249
268	265	52.569
268	923	376.672
500	888	20.033
500	911	595.5000000000001
680	501	144.902
680	500	239.018
812	681	19.999
812	680	78.594
617	614	145.038
617	812	238.856
813	618	19.95
813	617	79.063
436	435	144.353
436	924	84.924
436	438	19.929
814	440	21.382
814	436	166.79700000000003
924	813	160.248
843	818	79.495
843	819	144.33599999999998
818	873	21.899
818	925	397.005
598	600	22.515
598	597	146.23299999999998
598	843	484.37199999999996
820	602	23.132
820	599	147.743
820	598	575.2600000000001
284	286	23.767
284	283	145.007
284	820	578.6800000000001
824	840	26.036
824	823	142.145
824	822	810.3320000000001
822	288	22.872
822	285	143.821
822	284	808.59
774	775	27.225
774	824	1540.9240000000002
774	772	140.592
166	161	416.60299999999995
166	165	178.94099999999997
915	926	49.778
926	725	107.139
926	726	22.29
725	724	9.826
725	913	434.89500000000004
726	914	49.977000000000004
76	927	76.132
76	927	69.80199999999999
907	871	15.97
907	322	202.922
220	217	445.17300000000006
220	928	41.341
223	222	17.3
223	226	576.814
223	727	151.863
928	221	46.303000000000004
929	7	737.112
929	10	17.41
548	211	21.629
548	930	267.90700000000004
228	230	85.506
226	224	16.688
226	228	723.8689999999999
226	730	137.357
416	223	336.281
7	8	20.291
7	232	336.25699999999995
7	4	200.546
761	217	21.924
761	928	492.385
230	929	84.819
230	731	127.30199999999999
230	229	22.828
212	577	403.095
931	718	79.848
932	933	4.885
932	931	89.109
526	525	84.04
767	769	501.506
767	766	110.471
767	768	122.995
305	280	69.221
305	302	13.078
305	307	294.252
280	302	73.648
280	278	140.169
306	304	18.747
642	906	86.042
642	532	146.915
922	875	95.31899999999999
922	934	534.1139999999999
935	701	18.637
935	864	22.5
132	131	12.121
132	923	42.2
15	12	42.448
15	13	39.949
15	263	265.256
936	12	36.707
936	14	37.022000000000006
937	936	12.775
937	938	493.699
14	12	38.566
14	131	293.926
13	939	682.6549999999999
13	937	41.111000000000004
431	430	10.49
431	940	14.736
431	135	116.551
431	938	67.041
807	941	27.96
807	803	152.459
941	431	31.17
938	937	493.69899999999996
938	939	22.933
433	781	765.923
433	430	18.785
433	942	62.274
943	940	23.942999999999998
943	944	18.155
942	805	151.17
805	803	9.063
805	865	176.487
432	807	28.654
432	942	30.19
865	781	53.49
865	806	9.111
826	804	176.52
826	806	8.662
826	142	113.936
944	264	562.417
804	139	113.755
804	803	8.256
804	941	180.814
828	403	153.683
828	935	29.336
403	402	8.183
403	405	172.957
864	935	22.5
864	806	60.926
864	826	61.753
923	268	376.67199999999997
923	132	42.2
133	923	56.654999999999994
133	134	319.99899999999997
133	132	48.006
887	886	7.215
887	945	58.44
103	887	11.705
103	102	256.408
103	668	69.067
919	646	14.985
946	917	51.557
917	882	14.383
917	919	55.908
918	947	17.511
918	946	15.687
857	947	28.527
857	918	26.615000000000002
313	312	12.248
313	315	101.68799999999999
313	948	433.591
314	116	189.45
314	313	27.051000000000002
735	634	11.749
735	706	333.66
706	634	331.76500000000004
706	524	782.744
859	318	217.90300000000002
859	949	55.623000000000005
579	863	14.304
579	556	111.33699999999999
574	700	273.663
574	699	238.379
576	950	9.727
951	548	242.77800000000002
951	213	41.89
950	189	165.005
950	952	23.643
213	576	88.94500000000001
945	886	76.469
635	948	11.744
635	312	433.596
757	736	15.913
757	953	205.423
757	316	422.908
328	636	15.323
328	635	246.58500000000004
948	735	16.22
948	757	137.78
205	328	127.94800000000001
205	202	474.90999999999997
125	124	15.17
125	686	231.027
125	649	974.183
322	689	15.557
322	321	422.899
322	124	455.02299999999997
940	430	10.787
940	944	22.08
901	695	25.479
901	899	28.422000000000004
540	539	40.675
540	582	272.036
900	538	14.001
900	901	13.08
897	511	526.329
541	897	36.71
541	954	10.78
541	538	236.142
495	447	17.339
495	83	258.323
495	697	1211.3339999999998
697	581	14.231
697	866	258.53499999999997
697	698	803.645
955	541	80.205
955	954	80.07400000000001
424	511	13.391
424	955	482.1139999999999
424	422	265.723
698	513	13.729
698	424	805.3300000000002
698	423	260.389
657	653	23.253
657	656	10.551
255	257	39.666
255	101	117.50299999999999
474	473	20.243
474	476	254.702
474	872	87.51599999999999
99	627	61.904
99	96	105.53099999999999
99	628	97.19
464	518	95.368
464	463	323.063
464	465	250.707
251	248	96.708
251	912	330.18199999999996
251	916	918.695
251	861	111.66799999999999
251	94	100.57
43	74	382.07800000000003
43	846	166.367
43	42	152.038
196	299	160.694
196	892	139.30399999999997
866	85	15.116
866	697	258.535
866	83	1211.869
423	655	14.674
423	698	260.389
423	866	804.647
83	82	13.27
83	495	258.323
317	659	208.89199999999997
317	319	25.101999999999997
647	769	301.681
647	771	24.823999999999998
647	644	607.5659999999999
927	238	217.837
232	231	16.711
232	6	264.832
232	956	653.539
557	677	348.78
557	555	1098.549
557	6	971.8620000000001
867	853	857.6499999999999
911	850	200.724
552	761	50.847
552	760	79.63
879	786	84.322
879	910	563.498
786	542	85.212
786	783	17.597
786	785	148.389
710	41	109.199
710	709	34.234
710	203	200.75799999999998
921	510	674.236
921	742	111.295
23	645	17.302
23	671	248.826
23	19	73.31400000000001
645	23	17.302
645	644	213.31900000000002
332	205	625.0559999999999
332	957	39.854
920	192	10.507
920	88	68.411
496	447	238.64800000000002
496	578	36.852999999999994
712	70	137.882
712	41	52.972
587	70	11.625
587	588	25.881999999999998
331	710	19.59
331	709	22.523
709	199	51.068
709	710	34.234
958	194	76.47199999999998
958	892	35.771
22	849	56.251000000000005
22	19	177.501
889	768	10.294
889	645	211.93799999999996
206	957	40.580999999999996
206	959	42.182
562	564	47.134
562	565	49.044999999999995
773	657	72.759
773	656	72.705
960	961	157.05700000000002
961	962	156.968
962	963	155.905
963	296	520.9490000000001
57	856	317.70500000000004
57	56	28.63
833	964	80.156
833	54	214.609
959	333	641.4079999999999
957	959	11.347
957	397	209.274
365	47	250.18099999999998
365	965	61.697
816	365	129.837
816	965	79.07
966	547	205.227
966	951	28.484
967	966	26.755
46	967	50.578
46	45	187.43999999999997
566	559	78.657
566	558	273.70799999999997
559	567	241.587
559	639	276.55899999999997
968	859	59.515
968	666	55.413000000000004
949	968	15.451
949	633	115.97099999999999
572	529	78.013
572	762	272.81100000000004
87	152	11.367
87	468	18.021
87	86	499.396
87	694	54.597
952	46	51.31099999999999
952	967	37.885999999999996
639	893	55.09
639	904	161.091
953	907	21.305
953	908	423.39399999999995
795	797	10.017
795	809	554.675
809	704	10.482
809	175	151.998
809	208	706.865
878	796	151.047
878	795	78.801
588	712	105.365
711	331	92.129
711	536	153.418
51	294	63.342999999999996
51	969	13.866
294	753	810.149
294	969	63.089999999999996
294	749	228.76599999999996
969	172	361.764
969	50	32.203
939	943	10.136
111	109	67.91499999999999
111	958	373.294
723	721	329.196
719	970	79.948
970	931	4.884
970	933	89.16100000000002
933	932	4.885
933	971	146.753
971	311	4.756
971	309	171.142
311	971	4.756
311	932	146.81799999999998
862	702	4.9
862	719	80.041
721	233	252.193
108	105	244.548
276	275	22.924
276	278	361.34200000000004
930	214	34.67
930	216	9.744
546	738	318.78099999999995
546	790	62.977000000000004
546	545	139.809
692	792	915.2260000000001
692	90	29.465999999999998
650	648	145.756
650	691	50.857
633	116	220.26999999999998
633	972	49.632000000000005
972	946	274.863
972	113	261.866
972	633	49.632000000000005
973	89	12.246
89	973	12.246
89	974	34.816
975	974	12.164
975	973	35.933
974	975	12.164
974	902	60.52799999999999
903	65	38.367999999999995
903	975	60.317
68	903	23.345
68	65	43.458
860	39	12.615
860	130	63.507
881	584	15.474
490	489	194.828
490	121	465.779
490	660	234.00300000000001
855	844	11.086
855	976	36.307
977	976	11.171
977	844	36.3
976	977	11.171
976	978	143.468
748	746	67.792
978	747	12.96
978	748	36.409
747	977	143.55
747	978	12.96
871	953	24.116
871	736	225.37299999999996
871	688	1059.482
947	972	247.811
130	860	63.507
130	129	8.205
556	555	138.933
556	863	113.36599999999999
510	684	223.47
510	877	46.232
701	935	18.637
701	404	26.899
954	896	79.642
113	972	261.866
113	112	125.06900000000002
934	509	123.681
740	30	115.07400000000001
740	852	99.852
760	930	7.763
760	549	274.61199999999997
608	964	214.312
608	54	77.943
891	29	114.362
891	874	79.54299999999999
847	158	78.85
847	72	216.59199999999998
835	925	21.471
835	873	397.06100000000004
925	814	78.478
925	815	146.031
964	834	154.35
964	837	396.49399999999997
965	365	61.697
965	437	155.407
965	364	166.511
593	960	162.14100000000002
236	979	82.252
236	980	17.017
980	236	17.017
980	237	726.3910000000001
979	956	17.188
979	231	654.349
956	980	81.715
956	979	17.188
870	21	170.44899999999998
565	564	7.36
565	641	270.909
771	647	24.823999999999998
771	489	156.374