0	1	37.872
0	2	96.96900000000001
3	4	13.601
3	5	92.04400000000001
6	7	8.242
6	8	36.499
6	9	222.13899999999998
10	11	151.708
10	12	70.407
10	13	162.55800000000002
14	15	11.936
14	16	314.181
14	17	53.819
15	14	11.936
15	18	106.858
19	20	8.752
19	21	156.969
19	22	174.284
23	24	76.833
23	25	190.42000000000002
23	26	213.524
23	27	206.84
25	28	63.598
25	23	190.42000000000002
25	29	160.67
30	31	184.987
30	32	344.038
33	34	720.597
33	35	98.537
33	36	1088.26
37	38	68.08
37	39	83.954
40	41	171.538
40	42	209.69899999999998
40	43	121.943
44	45	203.595
44	46	147.191
47	48	92.09100000000001
47	49	181.526
47	50	238.793
47	51	153.123
52	53	34.896
49	47	181.526
49	54	253.54899999999998
49	55	242.194
49	56	177.344
57	58	130.959
57	59	202.399
57	60	117.61099999999999
60	61	200.892
60	57	117.611
60	62	135.983
63	64	180.941
63	65	1131.8020000000001
63	66	407.2900000000001
63	67	227.11
68	69	155.882
68	70	296.808
68	71	373.478
72	73	114.29499999999999
72	74	91.958
75	76	52.998
75	77	132.558
78	79	203.402
78	80	95.049
78	81	72.406
79	78	203.402
79	77	106.547
79	82	124.765
77	79	106.547
77	75	132.558
77	80	160.089
83	84	12.133
83	85	237.805
83	86	80.25
87	85	91.278
87	88	54.863
89	90	10.714
89	91	36.75
92	93	19.826
92	94	71.925
95	96	13.041
95	97	83.842
98	99	10.299
98	100	304.639
101	102	23.881
103	95	12.133
104	105	33.293
106	107	54.275999999999996
106	108	33.923
107	109	207.402
110	111	26.29
110	112	224.295
110	113	120.792
114	115	89.18199999999999
114	116	605.7069999999999
117	116	10.821
117	118	122.169
119	120	105.605
119	121	99.062
122	123	29.048000000000002
122	124	104.19200000000001
22	125	13.905
22	126	32.307
127	128	12.997
127	129	115.853
127	130	185.40200000000002
131	132	109.951
133	134	99.285
133	135	82.44200000000001
133	136	84.85
133	137	168.978
130	138	12.67
130	139	188.947
130	140	180.268
141	142	80.916
141	138	172.808
141	143	135.79500000000002
144	145	162.79399999999998
144	146	165.838
144	147	223.20999999999998
143	148	73.308
143	149	162.39100000000002
143	150	165.32699999999997
143	141	135.795
129	140	204.867
129	151	203.17
129	152	129.975
129	127	115.85300000000001
145	144	162.794
145	153	319.75699999999995
145	154	406.69399999999996
151	155	152.03
151	156	130.673
151	129	203.17000000000002
157	158	172.51399999999998
155	159	64.174
155	151	152.02999999999997
155	160	43.952
159	155	64.174
161	35	123.77900000000001
161	162	364.169
161	163	167.95600000000002
94	164	13.503
94	165	201.86100000000002
94	92	71.925
166	167	75.51
168	169	135.814
168	170	412.93399999999997
168	171	46.34
172	173	15.677
172	170	120.737
174	175	101.813
174	176	45.205
176	177	15.787
164	94	13.503
164	169	64.841
164	154	251.481
177	178	10.519
177	179	57.978
180	181	14.296
180	182	284.36
183	184	53.675
185	186	105.832
187	188	98.322
187	189	152.772
187	190	129.597
179	191	243.487
179	178	59.038
50	54	194.508
50	47	238.793
50	192	532.911
50	193	123.62799999999999
194	195	105.292
196	197	211.791
198	199	95.298
198	200	89.298
201	200	9.853
201	198	87.646
202	119	197.91500000000002
202	203	132.31400000000002
54	49	253.54899999999998
54	50	194.508
54	204	209.67100000000002
205	206	102.21000000000001
205	207	118.374
43	40	121.943
43	208	136.91299999999998
43	209	137.873
210	211	205.5
212	213	75.944
213	214	385.525
213	212	75.944
213	206	132.919
215	85	4.532
216	217	167.447
216	218	172.494
216	219	178.374
206	205	102.21000000000001
206	214	332.35299999999995
206	213	132.919
220	221	8.64
220	222	52.735
220	223	94.93
224	225	39.656
225	226	10.146
225	227	94.13
228	229	34.494
228	230	69.523
231	232	34.864
231	233	55.629999999999995
234	235	7.409
234	236	59.494
232	231	34.864
232	237	75.56299999999999
238	230	34.106
238	229	69.70700000000001
239	240	20.63
239	241	451.2220000000001
242	239	16.034
242	243	89.29700000000001
237	231	77.442
237	244	40.022000000000006
243	245	17.132
243	246	135.054
243	247	199.16600000000003
230	248	169.26199999999997
245	243	17.132
245	239	88.589
167	166	75.51
167	249	209.366
167	250	136.04000000000002
251	252	126.488
251	253	106.998
251	254	193.08300000000003
253	255	100.485
253	256	165.65699999999998
253	257	179.215
258	259	54.21
258	260	50.166
261	262	233.66799999999998
263	252	117.857
264	265	104.589
264	266	17.884
264	267	152.43699999999998
252	251	126.488
252	268	124.539
252	263	117.857
269	257	17.054
269	270	108.942
271	272	17.577
271	273	147.14600000000002
274	254	13.379
274	275	63.848
274	269	112.029
276	226	92.229
276	227	12.764
272	271	17.577
272	277	68.007
226	233	39.595
226	232	55.138
278	279	174.202
233	224	10.224
233	280	152.737
280	281	10.205
280	282	83.06
283	284	13.11
283	285	81.499
283	286	137.334
282	287	10.448
282	288	194.44199999999998
289	290	14.023
289	291	119.72199999999998
293	294	14.302
293	295	70.473
293	296	80.575
39	65	64.35600000000001
39	37	84.134
297	298	131.434
297	299	27.926000000000002
297	300	100.248
297	301	170.74499999999998
302	303	269.867
304	305	128.03
304	306	167.289
304	307	98.994
308	309	35.849
308	310	707.3159999999999
311	312	121.02
311	313	136.316
311	309	274.855
314	315	73.33699999999999
314	316	49.292
317	318	70.871
317	319	48.144
320	321	29.593
320	322	390.61199999999997
323	324	20.307000000000002
325	319	13.588
325	317	43.665
305	326	111.051
305	21	221.03300000000002
305	304	128.03
160	327	137.121
42	40	209.699
42	328	132.336
42	329	45.028999999999996
42	38	81.985
330	331	197.29100000000003
330	332	49.857
330	153	246.993
331	330	197.29100000000003
331	333	104.89900000000002
331	334	329.79699999999997
335	336	86.535
335	337	17.742
337	338	62.062
337	335	17.742
21	19	156.969
21	339	112.193
21	305	221.03300000000002
340	341	57.181999999999995
340	313	158.159
339	21	112.193
339	342	331.421
339	343	177.46200000000002
339	326	201.70800000000003
326	305	111.051
326	344	377.294
326	345	119.929
326	339	201.70800000000003
192	50	532.9110000000001
192	346	42.97
192	347	310.86
348	349	12.421
348	350	346.8639999999999
351	352	16.181
351	353	208.119
351	354	101.923
355	356	15.922
355	357	348.111
355	351	181.464
266	264	17.884
266	355	157.54199999999997
358	267	10.396
358	266	153.54399999999998
358	359	163.377
360	361	18.586
360	362	83.74400000000001
362	363	20.032
362	361	87.738
364	365	77.877
364	366	121.85600000000001
363	367	61.063
363	362	20.032
363	368	231.006
354	62	16.167
354	369	38.916
367	363	61.063
367	370	175.774
370	217	379.505
370	367	175.77399999999997
370	371	124.51299999999999
372	88	147.22899999999998
372	121	62.613
373	374	180.53300000000002
373	375	181.846
376	377	94.17599999999999
376	378	52.44500000000001
379	380	8.64
379	381	5.71
382	383	53.012
383	382	53.012
383	384	121.381
383	385	121.982
386	387	120.111
386	388	146.35999999999999
386	389	191.012
386	390	237.324
352	351	16.181
352	356	178.884
357	355	348.11100000000005
357	391	150.27899999999997
357	353	157.631
392	393	192.81000000000003
392	394	94.343
392	395	180.685
396	397	136.082
398	395	96.252
398	388	99.22500000000001
398	399	293.688
400	401	120.54599999999999
395	402	216.135
395	392	180.685
395	398	96.252
403	404	66.49
405	406	74.248
407	408	493.07400000000007
407	384	74.42500000000001
409	410	33.999
385	383	121.982
385	411	386.405
385	412	176.11
413	414	13.208
413	415	171.437
413	416	95.319
411	385	386.40500000000003
411	412	206.83300000000003
417	418	25.261
419	420	9.319
419	421	57.97
419	422	193.819
423	424	178.658
423	425	367.41100000000006
423	426	137.254
423	427	179.173
428	429	12.609
428	430	159.162
428	431	139.105
432	433	165.419
432	434	170.31199999999998
432	435	144.77800000000002
432	204	279.38500000000005
415	436	16.664
415	413	171.437
415	346	22.29
434	437	186.963
434	432	170.31199999999998
434	438	154.96699999999998
346	415	22.29
346	439	139.06900000000002
346	192	42.97
440	441	12.302
440	28	151.61499999999998
440	442	260.978
437	443	233.90300000000002
437	434	186.963
437	444	162.75300000000001
445	446	355.0469999999999
445	447	25.674999999999997
448	449	99.021
448	450	190.883
448	451	95.971
448	452	100.664
118	453	10.057
118	205	232.444
454	455	95.492
454	456	201.95600000000002
454	449	89.955
454	451	100.566
455	454	95.492
455	223	202.047
455	457	70.922
455	458	99.631
458	459	98.973
458	222	150.161
458	460	44.478
458	455	99.631
461	462	83.208
461	463	16.01
461	464	159.865
28	440	151.61499999999998
28	25	63.598
28	27	129.704
465	466	39.415
465	467	12.979
465	468	56.332
469	360	15.081
469	98	307.256
470	471	184.83599999999998
472	473	11.965
472	474	126.575
472	475	179.357
476	477	45.582
478	479	12.093
478	480	139.64100000000002
481	478	13.436
481	482	24.841
483	484	14.815
483	485	112.858
486	487	11.707
488	489	13.444
488	490	102.302
491	492	239.221
491	488	32.625
493	494	122.82300000000001
493	495	78.545
493	496	36.626999999999995
435	432	144.77800000000002
435	438	163.838
435	497	192.09899999999996
435	498	238.44099999999997
499	468	265.838
499	500	22.394
501	502	239.915
501	502	233.41899999999998
503	504	11.842
503	208	356.185
503	505	95.553
506	507	103.509
506	508	51.948
506	464	148.653
509	510	30.391
509	511	182.12699999999998
512	513	78.628
512	514	219.61199999999997
508	515	246.88
508	506	51.948
508	516	135.154
505	209	306.225
505	517	110.973
27	430	182.377
27	28	129.704
27	23	206.84
27	431	153.837
517	518	9.91
517	41	306.303
517	519	199.16600000000003
520	521	8.199
520	522	127.242
521	520	8.199
521	523	66.249
521	524	150.428
525	526	56.725
527	528	244.59699999999998
527	267	114.012
527	265	148.489
529	530	177.394
529	531	36.589
529	532	217.871
533	534	192.358
533	535	69.931
533	536	219.16
430	537	220.17199999999997
430	428	159.162
430	538	179.21799999999996
430	27	182.37699999999998
459	458	98.973
459	301	102.727
459	300	203.161
539	540	8.549
457	449	98.476
457	455	70.922
457	541	79.52000000000001
542	543	55.986
542	137	134.561
544	545	60.756
546	538	15.196
546	325	84.14199999999998
547	548	144.486
270	391	16.957
270	549	99.216
549	550	220.564
549	357	56.870000000000005
551	552	34.07599999999999
551	108	32.094
553	554	18.759999999999998
553	555	302.046
554	556	11.549
554	557	80.912
356	355	15.922
356	61	102.202
356	264	160.142
558	523	12.681
558	196	115.34700000000001
559	560	18.668
559	561	312.94899999999996
560	562	15.983
560	563	38.785
564	565	13.035
564	566	243.457
564	567	123.81799999999998
221	220	8.64
221	568	31.556
221	300	93.89700000000002
342	339	331.42100000000005
342	569	152.178
342	570	110.992
477	476	45.582
477	548	187.69
477	571	37.837
7	6	8.242
7	572	143.086
7	573	130.32
574	124	62.732000000000006
574	575	136.232
576	577	137.25300000000001
576	578	129.123
576	579	32.888999999999996
571	477	37.837
571	580	187.94700000000003
571	581	789.2459999999999
568	582	101.631
568	220	31.25
583	584	25.793
583	585	78.62400000000001
586	9	24.393
586	587	129.36599999999999
586	2	65.78
34	588	29.72
34	33	720.597
589	590	13.649
589	591	145.321
592	343	12.037
592	593	202.35999999999999
594	595	214.235
594	596	83.114
594	1	33.413
594	597	53.328
471	598	45.726
471	470	184.83599999999998
471	59	90.478
599	467	299.40700000000004
600	601	40.757
600	602	49.559
600	587	91.173
600	596	205.19699999999997
93	603	24.479999999999997
93	604	466.545
605	606	34.135
605	9	105.537
9	605	105.537
9	607	82.905
9	586	24.393
9	6	222.13899999999998
608	609	89.99600000000001
608	610	42.187
607	587	128.425
607	611	32.169
607	9	82.905
607	612	87.89599999999999
613	605	243.132
613	8	15.888
613	614	79.824
595	614	265.837
595	615	59.916
595	594	214.235
606	595	67.983
606	1	141.548
615	616	13.249
615	617	149.396
618	616	85.856
618	619	167.33599999999998
620	621	153.769
620	622	75.235
620	623	146.386
624	620	135.396
624	625	94.96000000000001
626	618	224.468
626	624	48.913
626	627	115.89100000000002
408	628	23.809
408	310	242.93800000000002
629	630	23.579
629	631	34.004000000000005
632	633	188.489
632	634	118.795
634	635	8.717
634	365	56.653999999999996
634	632	118.79499999999999
636	635	170.857
636	637	86.066
636	638	127.291
639	640	773.531
639	641	76.944
642	643	99.07300000000001
642	635	114.027
598	471	45.726
598	598	58.221000000000004
644	645	31.348
644	411	112.945
645	646	34.451
587	607	128.425
587	600	91.173
587	586	129.36599999999999
647	648	124.14099999999999
647	426	88.753
647	649	111.01100000000001
650	211	14.533
650	651	403.12300000000005
650	652	163.112
653	654	13.376
653	655	124.71799999999999
653	656	79.89399999999999
657	658	11.24
657	659	117.89000000000001
621	660	150.37
621	620	153.769
621	617	111.06099999999999
660	621	150.37
660	624	132.049
661	662	43.467
661	663	9.332
625	664	36.069
625	294	39.354
665	666	17.036
665	667	78.534
665	668	355.45199999999994
669	670	10.309
669	275	53.278
294	295	69.967
294	293	14.302
294	625	39.354
294	626	82.324
670	671	47.447
670	669	10.309
672	673	134.49
672	674	123.92099999999999
672	675	162.43599999999998
676	120	211.506
676	677	268.84400000000005
121	372	62.613
121	87	185.27800000000002
120	119	105.605
120	678	118.03200000000001
120	677	225.551
562	679	19.55
562	376	396.688
85	215	4.532
85	87	91.278
85	83	237.805
680	473	224.924
680	681	253.70799999999997
680	682	115.46600000000001
682	683	175.51800000000003
682	680	115.46600000000001
682	684	193.52599999999998
365	638	112.284
365	634	56.653999999999996
365	364	77.877
685	686	46.95
685	687	560.7740000000001
638	365	112.284
638	688	79.798
689	690	9.795
689	691	54.295
689	692	143.059
693	694	17.137
693	695	52.597
696	697	10.703
696	698	47.923
699	700	82.807
699	701	16.395
699	702	220.91000000000003
619	614	117.298
619	618	167.336
619	703	219.139
694	704	18.537
694	705	345.394
704	706	17.806
704	569	39.455
707	86	13.788
707	84	80.811
707	708	126.929
135	709	7.305
135	133	82.44200000000001
135	710	68.935
711	642	72.479
711	639	23.592
86	707	13.788
86	712	133.874
449	457	98.476
449	448	99.021
449	454	89.955
713	714	327.53700000000003
713	559	189.853
713	715	18.942
716	563	151.108
716	71	43.147999999999996
717	718	249.24200000000002
717	719	85.715
717	720	142.02200000000002
565	564	13.035
565	693	209.36599999999999
721	722	7.719
721	723	174.099
497	724	276.91999999999996
497	435	192.099
497	725	91.491
726	567	13.135
726	565	128.22
727	66	9.338
727	654	238.13899999999998
728	726	14.174
728	729	342.902
730	731	108.34299999999999
730	732	65.07
46	733	10.501
46	734	174.274
735	736	10.537
735	737	63.86
738	739	21.789
738	740	56.189
741	742	37.418
741	743	188.35699999999997
743	741	188.357
744	745	144.645
746	747	10.434
746	748	158.418
745	749	33.972
750	366	23.956
750	612	243.486
747	746	10.434
747	751	93.863
378	752	119.676
378	753	200.70499999999998
748	754	6.677
748	755	38.676
754	748	6.677
754	747	163.70499999999998
756	757	139.928
756	758	7.244
758	756	7.244
758	759	90.303
633	644	32.616
633	711	127.708
760	761	142.238
760	762	85.479
760	763	250.81200000000004
764	765	187.72599999999997
764	762	231.72299999999998
766	767	13.418
766	249	237.61599999999999
766	768	200.38199999999998
399	769	46.377
399	668	307.765
399	398	293.688
399	675	104.309
770	16	172.
770	771	44.032000000000004
765	772	130.471
765	764	187.726
765	773	44.756
774	775	28.921
774	776	151.106
774	777	209.355
772	778	78.293
772	765	130.471
772	764	104.363
779	780	122.097
779	776	115.602
779	781	189.445
779	782	216.23700000000002
783	784	154.56
783	785	209.611
783	786	273.965
778	772	78.293
585	787	166.652
585	583	78.624
585	786	72.82600000000001
585	788	369.41799999999995
776	779	115.602
776	789	227.60000000000002
776	780	218.524
776	774	151.106
13	10	162.55800000000002
13	790	116.19199999999998
791	792	119.016
791	494	40.607
793	794	145.572
359	795	152.186
359	796	23.924
359	358	163.377
797	798	12.244
797	67	465.812
799	800	132.846
799	801	248.563
799	802	118.188
803	804	40.913
805	806	41.245
807	793	27.79
807	404	178.93
808	809	40.8
808	810	72.112
808	811	29.269
812	813	17.859
812	814	65.096
815	816	61.23500000000001
813	817	285.82
813	818	44.272999999999996
819	537	121.048
820	810	361.393
820	811	289.71500000000003
820	821	114.741
822	823	128.74
822	824	146.121
637	825	38.043
637	636	86.066
637	418	35.288
826	401	87.208
826	827	325.51099999999997
826	788	72.845
828	401	22.012
829	830	166.555
829	831	107.625
705	812	44.533
705	832	202.107
833	834	91.83900000000001
833	835	137.341
833	540	107.014
24	836	89.5
24	23	426.715
24	23	76.833
724	837	197.12300000000002
724	497	276.92
724	838	109.828
839	840	27.301
839	841	148.171
839	336	180.459
842	247	26.713
842	839	134.93200000000002
248	591	14.299
248	590	147.60299999999998
843	248	32.857
843	238	165.371
284	283	13.11
284	844	188.54700000000003
284	845	137.501
818	705	18.366
818	704	370.945
846	847	275.595
846	283	183.067
848	768	415.76500000000004
849	850	13.809
849	851	137.576
849	589	96.43700000000001
852	853	153.785
852	854	25.751
855	856	139.365
855	284	137.623
286	857	134.579
286	858	80.977
859	855	133.734
859	860	138.961
859	857	12.885
204	861	114.001
204	432	279.385
204	54	209.671
204	100	614.1750000000002
857	862	81.436
857	859	12.885
857	863	229.31
438	435	163.838
438	444	188.933
438	725	173.59400000000002
438	434	154.96699999999998
864	109	49.123
864	865	194.654
725	866	194.763
725	497	91.491
725	438	173.59400000000002
862	858	134.986
862	857	81.436
862	867	213.85
862	868	191.166
869	870	35.104
869	871	108.87499999999999
869	872	154.448
869	873	101.468
858	285	136.474
858	862	134.986
858	286	80.977
858	874	115.696
868	53	135.197
868	867	371.7679999999999
868	862	191.16600000000003
871	72	18.809
871	869	108.87499999999999
867	863	83.157
867	862	213.85
867	868	371.768
832	875	16.627
832	876	33.743
832	695	218.632
53	52	34.896
53	877	137.868
53	868	135.197
877	878	326.33599999999996
877	285	193.22099999999998
877	847	180.825
877	53	137.868
876	832	33.743
876	879	462.775
876	812	223.26999999999998
880	881	153.196
880	882	384.95
880	883	130.368
881	820	117.814
881	884	320.197
884	881	320.197
884	885	44.63099999999999
884	811	99.92
460	886	7.907
460	541	17.748
882	656	94.4
882	885	173.327
882	880	384.95000000000005
878	404	145.243
878	877	326.336
878	887	490.654
878	888	212.65300000000002
888	889	238.79800000000003
888	878	212.65299999999996
888	890	97.29
891	890	85.297
892	893	194.15699999999998
892	876	43.623999999999995
875	373	276.638
875	892	38.32
847	846	275.595
847	894	285.96999999999997
847	877	180.825
894	590	272.838
894	895	325.302
894	847	285.97
285	858	136.474
285	877	193.221
285	283	81.499
845	856	135.434
845	397	190.42
845	284	137.501
845	896	145.024
896	897	20.427
896	845	145.024
896	898	135.215
897	896	20.427
897	899	171.952
397	396	136.082
397	851	182.904
397	845	190.42
401	828	22.012
401	826	87.208
401	400	120.54599999999999
851	900	145.906
851	849	137.576
851	901	223.76100000000002
851	397	182.90400000000002
900	851	145.906
900	902	382.122
900	902	18.53
109	903	8.771
902	904	172.495
902	900	18.53
902	900	341.926
905	906	13.692
905	907	312.515
901	908	34.417
901	851	223.761
901	909	338.97100000000006
910	911	102.471
912	913	40.181
912	914	40.126999999999995
915	916	99.73
915	917	89.416
915	789	73.072
810	816	76.958
810	808	72.112
810	918	455.162
863	867	83.157
863	919	204.846
208	43	136.91299999999998
208	920	125.624
208	503	356.185
418	417	25.261
418	643	53.617000000000004
418	637	35.288000000000004
921	811	25.982999999999997
921	922	135.095
923	924	317.51099999999997
923	925	388.847
923	926	138.505
927	928	39.55
927	929	37.529
927	930	38.277
390	931	196.512
390	386	237.32399999999998
390	837	136.137
388	398	99.225
388	386	146.36
388	668	267.29400000000004
388	659	116.685
795	359	152.186
932	933	12.419
933	276	21.479
933	934	134.846
935	665	23.881
935	622	270.2
936	452	104.047
936	577	202.795
936	451	98.518
936	937	136.666
938	572	17.265
938	6	150.199
572	753	28.071
572	939	201.171
732	940	16.142
732	941	89.761
942	943	214.719
942	944	31.448
945	946	29.889
947	948	7.203
947	949	7.39
947	950	303.633
492	951	223.39799999999997
952	953	7.071999999999999
817	492	33.458
817	954	174.611
955	952	33.473
575	956	40.262
575	574	136.232
957	937	32.644
957	958	122.83500000000001
957	959	98.49999999999999
951	960	273.439
951	818	93.12
961	962	17.983
961	963	103.434
762	764	231.72299999999998
762	760	85.479
762	964	70.354
965	966	51.149
965	967	47.051
603	92	43.483
603	588	69.764
612	938	157.54899999999998
612	607	87.89599999999999
140	130	180.26800000000003
140	318	95.502
140	129	204.86700000000002
757	968	6.899
757	969	211.043
318	317	70.871
318	140	95.502
318	804	233.84699999999998
879	970	86.106
879	971	75.78
879	876	462.775
970	972	23.248
970	879	86.106
970	973	29.041
972	970	23.248
972	973	27.572
972	974	112.55799999999999
974	972	112.55799999999999
974	975	210.552
974	976	209.654
974	977	167.236
978	979	51.318000000000005
978	292	142.022
156	152	199.653
156	980	219.092
156	801	143.77599999999998
156	151	130.673
152	156	199.65300000000002
152	981	134.07199999999997
152	982	161.459
152	129	129.975
981	801	192.055
981	800	150.94800000000004
981	152	134.072
801	983	133.382
801	799	248.563
801	156	143.77599999999998
979	984	10.58
979	985	51.87199999999999
971	879	75.78
971	986	246.00400000000002
986	987	120.07
986	973	431.25600000000003
986	971	246.00400000000002
987	986	120.07
987	988	136.05100000000002
987	989	149.44
990	991	65.17699999999999
990	696	48.758
814	992	12.925
814	993	109.905
814	994	199.11700000000002
811	921	25.982999999999997
811	808	29.269
811	884	99.92
811	820	289.715
992	814	12.925
992	813	52.501999999999995
995	996	11.815
995	997	124.082
998	999	105.043
998	1000	115.744
998	1001	367.86999999999995
998	190	287.33299999999997
191	1002	14.925
191	179	243.48700000000002
1003	1004	90.15100000000001
1003	69	148.189
1003	322	32.937
1005	1006	11.34
1005	1007	109.96799999999999
1008	1009	18.484
1008	1010	64.958
146	144	165.838
146	334	84.018
146	1011	283.40500000000003
761	760	142.238
761	1012	125.839
761	1007	203.68899999999996
1012	1013	29.299
1012	761	125.839
1014	1015	23.134
1014	1016	45.146
1017	1018	140.55
1017	1019	249.97600000000003
1017	1020	207.105
816	809	75.78
816	810	76.958
816	815	61.23500000000001
816	924	136.69800000000004
147	144	223.20999999999998
147	334	189.69
147	153	166.606
1021	907	10.044
1021	906	310.824
1022	1023	10.734
1022	1024	53.42700000000001
170	1025	12.047
170	1026	106.11200000000001
170	168	412.93399999999997
334	146	84.01799999999999
334	331	329.797
334	147	189.69
1007	761	203.689
1007	763	66.101
1004	1027	37.042
1004	1028	45.302
1004	1003	90.15100000000001
519	1029	16.703
519	1030	48.854
1013	1012	29.299
1013	1031	131.369
1013	1032	227.56400000000002
1032	1033	608.815
1032	1013	227.56400000000002
648	647	124.14099999999999
1029	1034	18.532
1029	1035	165.239
1036	519	16.698
1036	518	198.89499999999998
1030	328	259.145
1030	1029	49.972
494	493	122.82300000000001
494	1037	96.506
494	791	40.607
433	498	3.773
433	432	165.419
433	1038	272.058
1039	1040	137.88400000000001
720	718	252.928
720	1041	25.395
720	717	142.022
1042	1043	152.336
1044	1045	11.92
1044	1046	51.160000000000004
1047	1048	13.869
1047	1044	115.463
1033	1032	608.8150000000002
1031	1013	131.369
994	1049	14.376
994	1050	149.55599999999998
1051	780	119.371
1051	1052	25.823
1053	577	128.96
1053	1054	132.851
1053	578	139.637
1053	1055	97.259
1049	994	14.376
1049	1056	218.288
1049	992	206.90800000000002
1055	1057	101.257
1055	1058	131.211
1055	1053	97.259
1055	1059	130.76
913	1060	170.715
913	1061	34.559
913	912	40.181
404	878	145.243
404	807	178.93
404	403	66.49
498	433	3.773
498	250	145.43499999999997
498	435	238.441
250	498	145.435
250	167	136.04000000000002
250	447	327.32899999999995
920	208	125.624
920	1062	285.125
920	1063	93.26700000000001
1009	1008	18.484
1009	1064	51.762
1063	920	93.26700000000001
1063	1065	90.73100000000001
1063	824	129.381
985	1066	74.639
985	984	51.391999999999996
1054	1059	98.64699999999999
1054	1053	132.851
1054	708	170.79
1067	1068	220.65099999999998
1067	1069	46.263999999999996
1067	1070	32.397
1071	1072	33.544
1071	1068	26.491
64	1073	79.462
64	63	180.941
1073	1074	18.815
1073	1075	99.747
1076	1050	12.795
1076	1077	47.697
1076	1049	140.585
1050	1076	12.795
1056	1077	117.753
1056	1049	218.288
1056	1078	119.69300000000001
1079	723	11.127
1079	516	210.698
1079	722	173.91
1077	1076	47.697
1077	1056	117.753
500	965	12.588000000000001
12	1080	57.080000000000005
12	10	70.40700000000001
12	930	67.03999999999999
1081	1082	425.63300000000004
1081	1083	79.428
1038	433	272.058
1084	142	107.405
142	148	136.329
142	141	80.916
142	1084	107.405
148	143	73.308
148	142	136.32899999999998
148	1085	84.267
1086	1087	134.065
1086	1088	265.702
1086	1089	452.42199999999997
1087	1086	134.065
1087	1090	169.66500000000002
1087	1080	269.467
1090	1091	50.89
1090	1092	191.97
1090	1087	169.66500000000002
1091	1090	50.89
1091	1093	42.373
1091	1093	44.38499999999999
1094	861	156.929
1094	56	43.88
447	250	327.329
447	1094	40.094
635	634	8.717
635	636	170.857
635	642	114.027
1095	426	184.543
1095	1096	53.399
1095	552	392.87800000000004
56	49	177.34400000000002
56	445	31.974999999999998
590	589	13.649
590	894	272.838
590	850	96.52000000000001
715	713	18.942
715	1041	86.152
1097	911	202.373
1097	1098	96.658
1097	1089	41.123999999999995
1099	1100	11.022
1099	1101	26.192
1099	307	102.256
830	911	400.063
830	829	166.555
830	1102	121.209
1103	1104	53.437000000000005
1103	1105	47.941
29	1101	10.883
29	25	160.67000000000002
29	1100	26.146
1102	1106	170.541
1102	446	112.823
1102	830	121.209
256	253	165.65699999999998
1107	1108	114.374
1107	1109	85.004
1110	1111	32.038
1110	787	125.937
1112	688	139.37699999999998
1112	938	33.768
446	55	260.30499999999995
446	445	355.047
446	1102	112.823
137	709	98.589
137	133	168.978
84	543	118.163
84	83	12.133
84	1113	85.13499999999999
753	1112	24.833
753	629	348.29900000000004
1114	1115	12.013
1114	1116	65.494
1117	1118	95.41399999999999
1119	1120	23.57
1119	1121	196.26600000000002
188	187	98.322
188	1122	55.165000000000006
911	1097	202.37300000000005
911	830	400.063
911	910	102.471
1123	1122	12.239
1123	188	51.162
1124	1116	134.769
1125	1123	13.199
1125	1126	321.04699999999997
1127	1128	323.9699999999999
1127	1128	81.82300000000001
162	161	364.169
162	1125	49.847
1129	1130	232.58099999999996
1129	1131	60.245
1129	1132	65.553
1128	1133	12.941
1128	1127	323.96999999999997
1128	1134	227.37300000000002
1058	1055	131.211
1058	1135	28.
1058	1136	18.933999999999997
1058	451	202.233
929	927	37.529
1137	89	635.0350000000002
1138	1139	107.572
1140	1141	91.375
1106	526	436.75299999999993
1106	259	65.43599999999999
1106	1089	437.131
1106	1102	170.541
1134	1142	307.409
1134	1142	82.25
1104	1103	53.489999999999995
1104	81	65.094
1142	1143	13.448
1142	1134	307.409
1142	1144	174.563
456	1057	130.029
456	223	95.546
456	454	201.956
456	1135	74.531
223	1145	130.289
223	456	95.546
223	455	202.047
223	220	94.93
1144	1146	12.643
1144	1147	604.664
1144	1148	59.301
991	1149	65.491
991	1150	244.709
991	1151	476.952
991	990	65.177
1148	1152	47.033
1148	1146	57.93599999999999
1153	1154	87.697
1153	1155	44.245999999999995
327	1156	13.441
327	127	186.791
570	1157	89.85399999999998
570	342	110.992
1157	1158	14.658
1157	592	150.899
1157	960	39.447
1159	768	125.64600000000002
1159	1160	13.344999999999999
1159	1161	65.224
1162	1163	46.731
1164	788	132.41
1164	1165	248.398
1166	1167	17.544999999999998
1166	1168	156.301
768	1060	64.556
768	848	415.76500000000004
768	767	199.005
768	1159	125.64599999999999
1169	1035	24.789
1169	1034	168.21099999999998
530	1170	144.669
530	529	177.39400000000003
530	1171	131.53799999999998
1149	991	63.311
1149	1152	94.08999999999999
1151	1172	67.207
1151	991	476.952
1151	91	652.3199999999998
1171	1173	181.329
1171	1174	42.745
1171	530	131.53799999999998
1167	65	211.004
1173	1175	36.453
1173	1171	181.32899999999998
1173	1176	192.58499999999998
91	1177	10.924
91	1151	652.32
91	1019	98.359
1179	1170	184.091
1170	530	144.66899999999998
1170	1179	184.091
1170	788	150.84300000000002
785	783	209.61099999999996
785	531	43.708000000000006
1175	1173	36.453
1175	531	62.47
1175	785	46.274
531	529	36.589
531	1175	62.47
1180	1176	236.934
1180	1181	162.411
1180	784	105.44999999999999
1176	1180	236.934
1176	1182	169.743
1176	1173	192.58499999999998
1176	1183	210.833
1182	1176	169.743
1182	1184	44.294
1182	1171	195.038
1184	1182	44.294
1184	1185	324.65500000000003
487	486	11.707
487	883	67.663
487	1186	70.492
1187	749	15.761
1187	617	52.619
1187	1188	40.334
1174	1171	42.745
1174	1184	193.922
573	1189	76.22800000000001
573	7	130.32
573	939	66.701
573	718	125.696
260	258	50.701
260	1190	84.322
1192	583	25.656
1192	584	5.889
569	706	47.766999999999996
569	342	152.178
584	1193	136.673
584	1192	5.889
584	1014	86.79899999999999
844	397	140.25
844	849	183.334
1194	1195	7.15
1194	608	39.501999999999995
1194	827	173.78199999999998
610	1195	4.298
610	1196	165.663
609	949	80.417
609	608	89.99600000000001
949	947	7.39
949	1197	76.582
268	252	124.539
328	42	132.336
328	1030	259.145
328	1198	215.338
328	41	204.203
719	1199	26.573
719	1200	72.065
719	717	85.715
1002	191	14.925
1002	199	200.121
1002	1000	37.702
1000	998	115.744
1000	191	45.525
1201	1202	122.92
1201	321	85.577
80	78	95.049
80	1203	35.387
80	677	169.181
80	77	160.089
1057	456	130.029
1057	1145	95.627
1057	1055	101.257
1204	1205	34.064
1204	1206	666.2230000000001
1204	241	695.061
1207	732	12.666
1207	730	72.472
1208	1209	21.18
1208	489	101.985
1208	490	15.401
1145	223	130.289
1145	1057	95.627
1145	582	99.474
691	1210	24.266
691	1211	170.57399999999998
1059	1054	98.64699999999999
1059	1212	99.779
1059	136	167.892
1059	1055	130.76
1133	1128	12.941
1133	1118	306.72599999999994
1133	1213	396.828
1212	134	257.387
1212	1214	97.622
1212	1059	99.779
1215	1207	63.175000000000004
1215	1216	101.369
698	697	47.929
698	1217	463.774
582	568	101.631
582	1218	102.587
582	1145	99.474
582	1219	65.02199999999999
1214	1220	199.015
1214	1221	100.596
1214	1212	97.622
1221	1222	203.857
1221	1219	66.742
1221	1223	98.166
1221	1214	100.596
1210	690	27.595
1210	1224	84.293
1225	1226	66.483
1225	1227	1292.9330000000002
866	725	194.763
866	444	172.089
866	1228	215.26899999999998
866	837	185.654
1228	1229	182.771
1228	866	215.269
444	438	188.933
444	1230	224.73299999999998
444	866	172.089
444	437	162.75300000000001
1205	1204	34.064
1205	1231	62.802
1231	955	6.97
1231	1232	195.38699999999997
953	1231	33.503
953	1204	61.7
677	1233	155.81099999999998
677	676	268.844
677	80	169.18099999999998
677	120	225.55100000000002
1235	1236	10.584
1235	1237	34.882000000000005
688	364	112.42
968	1238	83.53
968	758	139.823
968	757	6.899
1218	298	94.601
1218	582	102.587
1218	1223	131.11599999999999
1218	300	131.527
316	1239	56.891999999999996
316	1240	77.67
81	1104	65.094
81	78	72.406
81	211	170.475
81	315	210.71299999999997
211	650	14.533
211	210	205.49999999999997
211	81	170.475
561	1241	9.485
561	1242	229.30800000000002
561	83	337.284
1223	1221	98.166
1223	1243	205.44299999999998
1223	1244	74.10100000000001
1223	1218	131.116
1245	1246	179.897
1245	374	32.569
300	221	93.897
300	297	100.248
300	1218	131.527
300	459	203.161
1247	1248	108.8
1247	1249	145.756
1247	1108	374.644
1230	1250	13.329
1230	1228	170.999
1230	444	224.733
1251	1137	11.282
1078	954	99.432
1078	490	72.492
1078	1056	119.69300000000001
954	1078	99.432
954	488	72.565
374	1252	11.458
374	1253	76.747
671	1254	153.217
671	195	92.606
1254	550	11.25
1254	1255	277.802
1252	1256	32.635000000000005
1252	1257	372.546
1258	1259	54.621
1258	217	156.767
1260	1080	10.979
1260	12	57.031000000000006
1256	1245	11.597
1256	1261	181.261
186	1024	91.214
186	185	105.832
186	195	90.832
195	186	90.832
195	671	92.606
195	194	105.292
184	1022	96.609
184	183	53.675000000000004
906	905	13.692
906	189	394.514
906	1262	141.832
1263	1264	146.358
1263	1265	264.865
1263	332	387.58599999999996
1266	1267	14.314
1266	347	304.26099999999997
1266	1268	90.67599999999999
1269	1264	261.077
1269	1265	179.227
1269	1025	159.798
1270	1271	69.278
941	1272	21.656
941	1273	72.225
604	93	466.54499999999996
1246	892	269.23
1246	1274	181.76800000000003
1265	1263	264.865
1265	1269	179.227
1265	1275	139.866
1276	1277	25.329
1276	1278	295.75399999999996
1276	777	270.067
1250	1230	13.329
1250	1279	144.428
1250	1280	174.527
1281	1282	11.039000000000001
1281	1283	165.953
1281	288	470.517
1284	928	65.327
659	388	116.685
659	658	119.14300000000001
535	1285	122.495
535	1286	150.611
535	533	69.931
1287	369	16.182
1287	62	40.154
333	1288	352.388
333	331	104.899
333	332	155.83800000000002
369	5	18.085
369	4	86.466
1289	1290	112.144
1289	1256	239.216
332	1263	387.586
332	333	155.838
332	330	49.857
1291	1292	208.866
1291	1289	152.006
154	1293	498.8909999999999
154	164	251.481
154	145	406.69399999999996
667	666	80.49600000000001
667	1294	175.62599999999998
1295	1040	55.622
1065	1063	90.73100000000001
976	1296	167.292
976	974	209.654
976	686	237.399
1297	1298	177.16
1297	1299	32.681
1297	916	91.56200000000001
1297	917	147.87
1296	1300	102.664
1296	1301	84.32
1296	976	167.29200000000003
916	1297	91.562
916	1302	139.091
916	775	213.65699999999998
916	915	99.72999999999999
1299	1297	32.681
1303	1304	46.056
1303	1305	74.909
1303	1105	246.673
1304	1303	46.056
782	779	216.23700000000002
782	789	161.337
782	1306	137.50500000000002
789	776	227.60000000000002
789	915	73.07199999999999
789	782	161.337
1301	1307	92.584
1301	1296	84.32
1301	1308	34.25
1307	1301	92.584
1307	1309	103.195
1300	1296	102.664
1300	1309	20.792
1300	1307	83.282
977	1309	93.648
977	1310	457.31899999999996
977	974	167.236
1310	1311	60.774
1310	1312	254.328
1310	977	457.319
1313	1211	86.02600000000001
1035	510	241.043
1035	1314	30.313000000000002
1315	1316	16.258
1315	1317	95.896
214	206	332.3529999999999
214	213	385.52500000000003
1316	1318	13.645
1316	1319	483.08600000000007
209	505	306.225
209	41	110.978
209	43	137.873
41	40	171.538
41	209	110.978
41	517	306.303
41	328	204.20299999999997
1318	475	16.335
1318	473	194.392
1198	328	215.338
1320	1068	33.376000000000005
1320	1072	27.488000000000003
1320	1070	210.14200000000002
475	1315	14.248
475	1321	47.495
1311	1310	60.774
1069	1067	538.322
1069	1067	46.264
1322	1323	160.861
1322	1324	155.73399999999998
1322	1325	237.774
507	506	103.509
507	1326	283.196
507	462	171.63100000000003
453	1327	15.708
453	1328	64.779
1329	1330	96.492
1329	1062	358.61999999999995
1331	1332	93.85900000000001
861	1094	156.929
861	204	114.001
861	1333	38.125
1333	1334	17.082
1333	1335	31.021
1333	861	38.125
1334	1333	17.082
1293	154	498.891
1293	1264	125.37
1293	153	370.428
1293	1026	155.06700000000004
1336	74	71.06700000000001
1336	1337	150.14299999999997
973	970	29.041
973	986	431.25600000000003
1335	1333	31.021
26	23	213.524
1338	325	16.946
1338	538	91.50500000000001
1339	619	224.18500000000003
1339	1340	31.097
1339	1200	64.145
1340	651	378.238
1340	1339	31.097
1340	703	122.83099999999999
939	573	66.701
939	679	425.895
1093	1341	20.863
1093	1091	44.385
1093	1091	42.37299999999999
663	1342	41.394
663	661	9.332
1343	931	54.33
1343	1344	222.284
1343	1345	82.65899999999999
1346	775	214.821
1346	1277	152.345
1346	1302	222.094
1188	597	12.687
1188	594	60.334
781	779	189.445
781	1347	109.71300000000001
781	1348	81.324
1348	780	222.944
1348	790	177.327
1348	781	81.324
1288	333	352.38800000000003
1349	139	12.812
1349	138	187.79400000000004
138	130	12.67
138	128	184.634
138	141	172.808
128	127	12.997
128	1156	184.40399999999997
1350	1351	13.677
1350	1352	30.666
125	1350	16.53
125	1353	59.833
441	440	12.302
441	1354	99.179
441	1355	126.688
513	1356	18.594
513	512	78.62799999999999
513	1357	141.317
1358	513	58.321
1358	1359	322.658
443	1280	12.528
443	437	233.90300000000002
443	1230	172.525
1280	443	12.528
1280	1043	143.334
1280	1360	265.271
100	1360	13.061
100	443	259.157
100	204	614.1750000000001
1360	218	147.25
1360	100	13.061
1360	99	294.865
1088	1260	130.59300000000002
1088	1086	265.702
1088	925	122.257
1080	1260	10.979
1080	1088	133.132
1080	1087	269.467
1361	173	14.353
1361	172	16.121
1361	172	293.512
956	1362	40.145
956	575	39.870000000000005
790	1363	20.113
790	1348	177.32699999999997
790	13	118.052
790	1161	166.215
518	517	9.91
518	504	206.35700000000003
540	539	8.549
540	1235	11.911
540	833	107.014
1364	277	249.212
1365	1366	16.803
1365	1367	36.861
1368	1365	36.361000000000004
1368	1369	217.96099999999998
909	1369	35.812
909	1365	217.85500000000002
909	904	185.26700000000002
1369	909	35.812
1369	841	190.50400000000002
1369	1370	182.73700000000002
769	399	46.377
769	1371	85.34400000000001
301	459	102.727
301	1082	215.62900000000005
301	1372	114.553
301	297	170.74499999999995
775	774	28.921
775	1346	214.821
775	916	213.657
1373	1338	63.056
1373	537	98.23700000000001
1374	1375	98.319
1374	1376	15.47
1374	1372	123.09700000000001
1374	1377	131.425
1378	675	212.68099999999998
1378	1379	186.42399999999998
1378	1380	239.147
917	1297	147.87
917	1239	288.158
917	1105	127.85
917	915	89.41600000000001
1298	1381	24.607
1298	1297	177.16
1298	1382	115.37200000000001
1156	327	13.441
1156	242	238.30900000000003
1381	1383	22.855
1381	1298	24.607
1381	1294	74.73
516	1384	137.43300000000002
516	508	135.154
516	450	136.565
516	1079	210.698
1302	1294	133.529
1302	916	139.09099999999998
1302	1346	222.09399999999997
1375	1385	131.326
1375	1374	98.319
1375	1372	173.877
1375	1386	97.67099999999999
1377	1385	100.713
1377	298	99.386
1377	1387	130.58
1377	1374	131.425
67	1227	12.616
67	1226	1286.0099999999998
67	63	227.11
1385	1388	97.484
1385	1377	100.713
1385	1389	131.232
1385	1375	131.326
1390	1391	77.66099999999999
1390	1392	67.348
1386	1388	130.347
1386	1393	327.504
1386	1375	97.67099999999999
1388	1385	97.484
1388	1394	132.281
1388	1386	130.347
591	1395	33.19
591	901	140.805
1396	1397	128.442
1396	1398	105.576
1396	522	78.667
1394	410	203.884
1394	1388	132.281
1394	1389	99.205
1399	1400	15.128
1399	1349	86.94900000000001
522	1401	64.344
522	520	127.242
522	1396	78.667
1397	520	76.835
1397	1402	51.021
1397	1396	128.442
1403	838	209.997
1403	766	77.636
1389	1385	131.232
1389	1394	99.205
1389	1387	99.294
1389	1404	203.459
1371	1405	101.863
1371	769	85.344
1387	1389	99.294
1387	1406	287.309
1387	1377	130.57999999999998
536	675	110.891
536	1371	41.039
536	674	157.61700000000002
536	533	219.15999999999997
412	385	176.11
557	1407	8.559
557	1408	64.78
1239	917	288.15799999999996
1239	316	56.892
1239	1409	82.24199999999999
1410	1411	43.421
1410	1412	34.459
883	487	67.663
883	880	130.368
883	1413	59.268
926	923	138.505
926	112	242.91900000000004
926	1211	207.84500000000003
1016	1015	55.827
1016	1414	99.667
1016	1197	79.032
1100	1099	11.022
1100	1415	19.924
1411	1412	35.914
1411	1332	282.636
1416	1417	11.029
1416	1418	84.755
1419	1420	12.97
1419	1421	391.35
1419	251	189.417
254	274	13.379
254	251	193.08300000000003
254	1422	34.498
257	269	17.054
257	253	179.215
257	254	113.578
1332	11	165.52
1332	1411	282.63599999999997
1332	1331	93.859
391	270	16.957
391	257	110.341
1423	821	149.463
1423	76	12.265
1423	1424	150.643
1172	1151	67.207
1421	1425	12.638
1421	735	218.60999999999999
1425	1421	12.638
1425	1420	390.46599999999995
1425	824	396.428
824	1425	396.428
824	1063	129.381
824	822	146.121
1393	1426	433.022
1393	1386	327.504
1393	1082	300.16799999999995
1189	573	76.22800000000001
11	10	151.70800000000003
11	1332	165.52000000000004
11	1427	96.964
1052	1159	68.713
1052	777	175.04900000000004
777	767	233.85000000000002
777	774	209.35500000000002
777	1052	175.049
777	1276	270.067
1427	545	39.094
1427	11	96.964
1427	1428	38.980000000000004
1427	918	115.322
45	1429	533.9300000000001
45	1237	135.742
45	44	203.595
1428	918	77.242
1428	930	39.131
1428	928	38.668
1428	1427	38.980000000000004
1277	1276	25.329
1277	1346	152.345
1277	1430	132.394
1431	1432	55.483
1431	1433	205.928
1431	313	8.705
870	1431	150.716
870	869	35.104
321	73	15.547
321	1202	95.28500000000001
1434	1234	182.771
1434	870	112.971
313	1434	33.340999999999994
313	1431	8.705
313	311	136.316
1082	301	215.62900000000002
1082	1393	300.16799999999995
1082	462	171.09
1082	1081	425.633
1236	539	18.717
1236	1235	10.584
1236	1429	25.332
692	689	143.05900000000003
692	131	77.241
387	386	120.111
113	132	17.914
113	131	102.53399999999999
1435	871	9.095
1435	1436	124.09100000000001
1264	1263	146.358
1264	1293	125.37
1264	1269	261.077
1237	1236	27.886
1237	1429	23.622
1237	45	135.74200000000002
1161	1060	116.869
1161	1160	65.504
1161	790	166.215
1429	1236	25.332
1429	45	533.93
1429	1237	23.622
1060	913	170.715
1060	1161	116.869
1060	768	64.556
534	674	134.712
534	533	192.358
780	779	122.097
780	776	218.524
780	1348	222.94400000000002
780	1051	119.37100000000001
723	1079	11.127
723	1437	62.658
450	448	190.88299999999998
450	464	199.86100000000002
450	1438	137.29999999999998
450	516	136.565
674	672	123.92099999999999
674	534	134.712
674	536	157.61700000000002
1439	1181	269.877
1439	1154	68.19999999999999
1430	1294	349.562
1430	389	239.678
1430	668	199.57399999999998
1430	1277	132.394
1185	1153	213.20800000000003
377	376	94.17599999999999
1355	431	12.294
1355	429	137.523
1440	1441	11.815
1440	184	116.30199999999998
1181	1439	269.877
1181	1155	85.541
1181	1180	162.411
1442	1443	337.681
1442	1444	354.44800000000004
1442	1282	49.223000000000006
1154	1155	77.932
1154	1439	68.19999999999999
1155	1153	44.245999999999995
1155	1183	200.34
1155	1181	85.541
1445	1444	9.839
1445	1326	74.65899999999999
673	672	134.49
673	1380	64.43299999999999
1183	1182	277.533
1183	1176	210.833
1446	702	537.506
1443	1447	35.427
1443	1442	337.68100000000004
1075	1448	18.87
1075	1448	376.799
1380	1449	105.789
1380	1378	239.147
1380	673	64.43299999999999
1450	1451	9.277
1450	1452	24.348
1150	1453	323.22399999999993
1150	991	244.709
1150	1454	62.952
1455	1456	35.47
1455	1457	26.946
1455	1354	244.71800000000002
1451	1450	9.277
1451	1458	176.59199999999998
1454	36	37.332
1454	1150	62.952000000000005
1454	1459	418.956
940	1460	10.522
1461	1083	16.838
1461	1081	79.844
928	927	39.55
928	1428	38.668
928	1284	65.327
928	918	115.57900000000001
1308	1301	34.25
36	1454	37.332
36	35	1046.9250000000002
36	33	1088.26
1462	1132	64.175
1462	1130	188.07999999999998
1274	1246	181.76800000000003
1274	1458	181.85999999999999
1457	1455	26.946
1457	1456	34.783
1457	303	232.1
1463	1132	82.356
1463	854	35.944
969	754	38.61
969	755	6.616
1130	1129	232.58100000000002
1130	1464	52.267999999999994
1132	1463	82.356
1132	1129	65.553
1132	1462	64.175
1465	1466	81.061
1465	1467	332.953
1465	1468	178.435
1317	1468	243.88400000000001
1317	1316	100.51199999999999
1469	1470	91.284
1469	1143	77.19
255	253	100.485
1467	1465	332.953
1467	1471	381.95199999999994
1472	1466	361.61100000000005
1472	1467	68.43900000000001
102	201	12.336
102	101	23.881
102	1473	46.07
1019	241	11.606
1019	1017	249.97600000000003
1019	1020	182.12900000000002
1020	1017	207.105
1020	1474	132.002
1186	487	70.492
1186	1413	50.452999999999996
240	242	19.423
240	160	105.09100000000001
240	980	160.84199999999998
1475	999	168.173
1475	1473	66.428
1475	190	187.01600000000002
709	135	7.305
709	70	50.87
1476	1125	12.462
1476	1191	22.64
1126	1477	11.087
1168	1478	62.068000000000005
1479	1480	237.466
1479	1481	387.157
1479	229	136.07999999999998
934	1482	11.768
1483	932	72.355
1484	1485	68.781
190	1475	187.016
190	189	159.749
190	187	129.597
190	998	287.33299999999997
1481	1354	262.613
1481	1479	387.157
1481	1400	232.262
1481	429	93.83099999999999
496	320	41.065
496	493	36.626999999999995
1486	1487	8.93
1486	1488	282.864
1486	1489	89.014
189	187	152.772
189	190	159.749
189	1490	123.45600000000002
189	906	394.514
1491	700	181.219
1491	1492	148.425
1491	1493	178.14499999999998
1115	1114	12.013
1115	1118	82.708
1115	1494	389.70299999999986
1359	1358	322.658
1359	1495	35.573
511	1314	61.516000000000005
511	1359	52.158
1496	1126	10.913
1496	1123	311.90099999999995
1240	1497	9.511
1240	1306	87.154
1480	1479	237.466
1480	843	160.62
431	1355	12.294
431	440	126.60500000000002
431	27	153.837
1498	150	15.245
1498	1480	149.096
1498	1499	55.30499999999999
1500	1501	82.328
1501	1502	100.858
1501	1503	249.481
1501	1504	246.40699999999998
1501	1500	82.328
96	1505	12.489
96	1506	137.801
1048	1047	13.869
1048	1507	76.987
1508	1509	79.77
1508	1510	76.452
1508	1511	179.235
1508	1512	95.021
1513	1514	34.091
825	637	38.043
1045	1044	11.92
1045	1048	115.71000000000001
1045	1515	175.525
643	642	99.07300000000001
643	641	76.786
643	418	53.617
17	1516	10.077
17	1517	42.285
1516	17	10.077
1516	15	54.452
1511	1508	179.235
1511	1518	76.943
1511	1285	213.32999999999998
1216	427	350.62
1216	1215	101.369
1216	425	198.617
1243	1222	97.089
1243	1223	205.443
1243	555	75.407
303	1354	217.548
303	31	165.076
303	1457	232.1
303	302	269.86699999999996
1519	1036	127.367
1519	175	85.661
1222	1243	97.089
1222	1221	203.857
1222	1520	105.364
1222	1220	80.913
467	465	12.979
467	1521	225.128
467	599	299.407
734	1522	13.873
734	1523	140.357
734	1524	323.871
1525	1526	142.344
1525	1527	13.565
681	468	9.821
681	680	253.70800000000003
681	467	58.19
1354	1481	262.613
1354	1455	244.71800000000002
1354	441	99.179
1354	303	217.548
1528	834	15.175
1528	1529	768.733
1505	103	14.698
473	472	11.965
473	680	224.924
473	681	141.60999999999999
834	1528	15.175
834	833	91.839
1530	1531	101.06
1530	1532	122.41499999999999
1533	1534	124.351
1533	703	171.68099999999998
914	912	40.798
914	1092	139.33700000000002
295	294	69.967
295	703	87.045
295	293	70.473
315	314	73.337
315	81	210.713
315	1105	254.656
703	619	219.139
703	1340	122.83099999999999
703	295	87.045
1305	1535	65.982
1305	1303	74.909
1305	1382	50.916
1305	651	79.46799999999999
838	389	283.616
838	1403	209.997
838	724	109.828
1536	1535	16.2
1536	1534	100.356
1535	1536	16.2
1535	1305	65.982
1535	1533	180.901
1534	1536	100.356
1534	1530	138.89100000000002
1534	296	138.03
1537	1538	135.11800000000002
296	664	43.09
296	1532	110.08900000000001
296	1534	138.03
296	293	80.575
163	161	167.95600000000002
623	664	97.63600000000001
623	620	146.386
623	1532	82.83600000000001
664	625	36.069
664	296	43.09
664	623	97.63600000000001
8	613	15.888
8	7	36.181
267	358	10.396
267	527	114.012
267	1539	32.838
982	152	161.459
298	1540	133.50900000000001
298	1377	99.386
298	1218	94.601
298	297	131.434
1526	1541	90.199
1526	1423	129.113
1037	494	96.506
1089	1086	452.42199999999997
1089	1097	41.123999999999995
1089	1106	437.13100000000003
999	1475	168.173
999	998	105.043
999	199	68.75200000000001
88	676	98.218
1190	526	195.938
1190	1092	205.035
1190	260	84.322
837	390	136.137
837	866	185.654
837	724	197.123
837	1229	201.15800000000002
526	1190	195.938
526	1106	436.753
526	525	56.725
1542	1543	77.06800000000001
1542	1544	123.04299999999999
1545	1233	96.638
1545	1544	235.504
1545	1424	86.62299999999999
1545	380	150.105
1146	1144	12.643
1146	1469	95.676
597	745	24.59
597	1546	122.16799999999998
964	762	70.354
1547	1548	14.374
1547	1147	60.995999999999995
666	935	13.871
666	1549	77.55000000000001
963	1550	28.713
963	1551	46.426
1552	966	39.638
1552	1553	66.869
966	1553	42.06699999999999
966	1471	101.294
1554	1139	45.068
1554	1356	320.75600000000003
1554	175	594.159
1553	1555	60.588
1556	1557	56.248
1556	700	95.222
1556	422	99.045
1548	831	16.998
1548	829	110.62899999999999
700	699	82.807
700	1556	95.222
700	1491	181.219
700	1493	117.12
731	1551	70.478
731	730	108.34299999999999
731	1558	170.225
1558	1555	35.673
1558	731	170.225
1558	427	243.226
1165	1164	248.398
563	562	39.16
563	716	151.108
1559	1560	145.161
1560	1559	145.161
1560	90	39.39
1560	1561	45.084
1493	700	117.12
1493	1562	163.764
1493	1491	178.14499999999998
1561	1476	651.565
1563	581	45.921
1563	1564	208.388
687	1325	157.889
687	1565	96.99
687	685	560.7739999999999
1392	1562	17.223
1392	1390	68.25099999999999
1565	1323	180.868
1565	581	53.39
1565	687	96.99
1564	1323	104.13
1564	1324	213.68800000000002
1564	1563	208.388
1323	1325	99.64
1323	1564	104.13
1323	1322	160.861
1324	1322	155.73399999999998
1324	1312	300.82900000000006
1324	1564	213.68800000000002
1325	1323	99.64
1325	687	157.889
1325	1322	237.774
1312	1324	300.829
1312	989	449.956
1312	1310	254.328
1229	1345	10.591
1229	1343	82.909
1229	837	201.15800000000002
1345	1229	10.591
1345	1250	352.009
1345	1566	138.684
1567	1568	74.301
1567	1279	75.451
1567	1569	120.53299999999999
989	1312	449.956
989	987	149.44
426	1095	184.54299999999998
426	1109	283.7
426	423	137.254
426	647	88.753
1570	1571	196.166
1570	1572	223.76700000000002
1570	1109	287.945
1570	984	127.77700000000002
950	1573	192.006
950	947	303.633
950	1574	172.392
1572	1570	223.76700000000002
425	423	367.41100000000006
425	292	153.252
425	1216	198.61700000000002
292	425	153.252
292	978	142.022
1574	1111	8.023
1574	950	172.392
1574	1110	32.723
984	979	10.58
984	978	49.861
984	1570	127.777
1135	1058	28.
1135	456	74.699
463	886	100.354
463	461	16.01
1136	1058	18.933999999999997
1136	577	80.725
1066	1575	111.414
1066	985	74.639
1576	1577	134.03900000000002
1460	1207	13.682
1460	1215	55.885999999999996
1108	1578	12.208
1108	1579	117.002
1108	1247	374.644
1248	1247	108.8
1248	1109	157.495
1248	1571	253.563
1579	106	6.833
1579	1580	400.061
1575	1066	111.414
1575	1581	369.825
1363	790	20.113000000000003
1363	1061	43.464
1061	1363	43.919000000000004
1061	913	34.559
1566	1582	159.21900000000002
1566	1345	138.68400000000003
1566	1577	79.06700000000001
996	995	11.815
996	491	252.13
1577	1576	134.03900000000002
1577	1344	83.898
1577	1566	79.06700000000001
1577	1583	94.491
874	858	115.696
622	620	75.235
622	1187	278.07200000000006
1571	1248	253.563
1571	1581	288.12199999999996
1571	1570	196.166
1581	1249	204.64
1581	1575	369.825
1581	1571	288.12199999999996
1242	561	229.308
1584	1401	169.915
1584	710	19.333
1253	729	11.796
1253	726	344.967
729	1253	11.796
729	1585	250.861
729	1252	83.582
631	1586	23.395
631	1587	106.166
1024	275	12.157
1024	186	91.214
1024	670	52.559
1586	631	23.395
1586	630	29.877000000000002
1400	1399	15.128
1400	1498	241.624
1400	1481	232.262
1372	301	114.553
1372	1375	173.877
1372	1374	123.09700000000001
1583	1577	94.49099999999999
1583	1588	95.538
1583	1512	158.841
767	766	13.418
767	777	233.85
767	1403	79.96000000000001
1589	1504	58.511
1590	1524	13.405
1590	1522	322.60900000000004
759	1591	40.028999999999996
759	756	90.291
1588	1592	343.40700000000004
1588	1510	83.531
1588	1583	95.538
1524	1590	13.405
1524	1593	276.799
755	969	6.616
755	968	211.214
1594	873	79.917
424	423	178.658
424	1095	132.155
1595	1483	38.138999999999996
1595	1596	17.556
1456	1455	35.47
1456	1597	58.982
1456	1457	34.783
1109	1248	157.495
1109	426	283.69999999999993
1109	1107	85.004
1109	1570	287.945
1598	1001	10.489
1598	504	226.82500000000002
1598	1599	245.03
1600	500	27.305
1601	1602	96.917
1601	1027	153.574
1601	69	126.65700000000001
1603	1604	10.752
366	158	36.392
366	632	131.329
1599	176	9.925
1599	174	45.8
1602	1601	96.917
1027	1004	37.042
1027	1605	123.366
1027	1601	153.57399999999998
1605	1027	123.366
1606	1607	11.208
1606	1591	142.03400000000002
69	1601	126.657
69	68	155.882
69	1003	148.18900000000002
1458	1245	124.523
381	1543	56.902
381	379	5.71
1028	1004	45.302
1028	523	245.063
380	381	8.655
380	1545	150.105
468	681	9.821
468	472	145.44
20	19	8.752
20	1608	162.053
646	633	29.207
646	157	147.727
628	629	21.554
628	1112	345.3
349	1587	26.008
349	1586	115.792
630	408	23.515
630	964	443.649
1609	962	93.06700000000001
1609	1610	144.51600000000002
1353	1597	14.08
1353	1611	153.508
1449	1380	105.789
1449	665	285.517
1612	750	34.011
1612	744	280.971
773	765	44.75600000000001
773	349	105.344
1337	872	173.051
1337	308	58.605
1613	1614	21.707
1613	1615	288.24899999999997
1613	1616	109.887
1614	1613	21.707
1614	1617	341.15999999999997
1614	1618	100.57900000000001
1619	1620	14.418
1619	1621	49.912
1619	1622	129.04199999999997
1615	1623	22.493
1615	1624	84.486
1623	1615	22.493
1623	1614	291.528
1623	1625	28.71
1621	1626	13.714
1621	1622	68.226
1621	1627	62.010000000000005
1626	1621	13.714
1626	1620	51.556000000000004
1585	1257	310.86
1585	1628	293.266
1585	1629	110.744
1585	729	250.861
1630	1631	221.88699999999997
1630	1632	406.486
1630	1619	51.379
1441	1633	13.992
1441	1416	89.437
907	1021	10.044
907	1598	118.572
1618	1617	73.629
1618	1634	107.049
1618	1614	100.57900000000001
1617	1618	73.629
1617	1614	341.15999999999997
1617	1635	59.405
1466	1465	81.061
1466	1472	361.61100000000005
1466	288	279.29200000000003
1611	997	11.901
1611	996	122.22
1634	1618	107.049
1636	1283	11.51
1636	1282	167.13100000000003
1283	1636	11.51
1283	852	48.586999999999996
1637	1622	69.345
1637	1328	66.161
1637	1638	183.00500000000002
1639	1638	15.978
1639	1640	123.646
1638	1639	15.978
1638	1637	183.005
1638	1641	193.051
1628	1268	13.681
1628	1585	293.26599999999996
1628	1267	93.083
1160	1051	40.012
1160	1159	13.344999999999999
1642	1629	289.348
1642	1628	109.10399999999998
1580	1249	180.40300000000002
1580	1579	400.061
1629	1643	96.773
1629	1644	171.128
1629	1642	289.348
1629	1585	110.74400000000001
1645	1646	167.28
76	82	61.888000000000005
76	1423	12.265
371	1647	196.28699999999998
371	370	124.51299999999999
371	1648	130.534
1569	1567	120.53299999999999
1648	1649	112.874
1648	1650	87.014
1648	1651	118.264
1648	371	130.534
1647	1643	104.329
1647	1651	79.365
1647	371	196.28699999999998
1651	1647	79.365
1651	1652	126.147
1651	1644	97.362
1651	1648	118.264
1653	1652	24.886
1653	1650	58.715
1653	1654	27.736
1652	1651	126.147
1652	1653	24.886
1652	1654	32.76
31	997	301.868
31	1655	207.72299999999998
31	303	165.076
31	30	184.987
1654	1656	111.26
1654	1653	27.736
1654	1652	32.76
1654	1657	103.22699999999999
1656	1658	85.727
1656	1654	111.26
1656	1659	102.845
1658	1649	87.599
1658	1656	85.727
1658	1650	112.27799999999999
1096	287	266.71900000000005
1096	1472	293.881
1096	1095	53.399
1649	1648	112.874
1649	1658	87.599
1649	1660	128.434
1657	1654	103.227
1657	1661	25.855
1657	1659	111.72200000000001
495	493	78.545
495	1485	45.365
1659	1656	102.845
1650	1648	87.014
1650	1653	58.715
1650	1658	112.27799999999999
1662	1644	215.981
1662	1657	63.378
1662	1663	32.925
1255	1664	11.568
1255	1361	48.412
1257	1662	115.57900000000002
1257	1585	310.86
1665	1116	69.027
1663	1291	89.28899999999999
1663	1662	32.925
1663	580	194.24899999999997
1664	1255	11.568
1664	550	280.81899999999996
1661	1657	25.855
1661	1663	63.06399999999999
65	1166	205.068
65	39	64.356
65	63	1131.8020000000001
865	1483	80.13
865	1595	63.376999999999995
1666	960	231.927
343	592	12.037
343	1158	147.60699999999997
343	339	177.46200000000002
1286	1405	62.120999999999995
1286	535	150.611
1286	394	202.12599999999998
344	326	377.294
1083	1667	14.802
1083	1445	56.027
1131	1129	60.245
1131	1668	168.444
1131	1463	136.836
1344	1669	75.984
1344	1343	222.284
1344	1577	83.898
1670	1433	21.902
1670	340	52.364999999999995
394	1509	86.618
394	1285	159.716
394	1286	202.126
394	392	94.343
792	320	15.172
792	496	36.372
1285	535	122.495
1285	394	159.716
1285	1511	213.32999999999998
1485	71	18.519
1485	716	44.048
1485	1484	68.781
1509	394	86.618
1509	1508	79.77
1509	1671	95.375
73	792	31.299
73	1336	94.963
1672	1670	12.94
1672	1005	99.027
74	1336	71.067
74	72	91.958
74	872	135.233
652	714	249.94000000000003
652	650	163.112
1234	872	87.67
312	1673	313.045
312	341	140.469
312	311	121.02
341	1006	78.06
341	340	57.182
341	312	140.469
1673	348	123.35500000000003
1673	312	313.0450000000001
1432	1431	55.483
1432	1674	127.751
1432	873	208.136
532	529	217.871
873	1432	208.136
873	869	101.46800000000002
873	1594	79.917
924	922	56.134
924	816	136.698
924	923	317.511
1436	1435	124.09100000000001
922	112	60.589
922	885	199.94
922	921	135.09499999999997
922	924	56.134
1006	1005	11.34
1006	341	78.06
1006	1670	93.603
329	1070	43.992000000000004
329	42	45.028999999999996
329	1069	30.943
1232	661	41.661
1232	1342	8.634
1342	1232	8.634
1342	955	198.103
1070	1320	210.142
1070	329	43.992
1261	1450	116.736
1261	1290	229.155
662	234	52.471
662	1675	7.926
1452	686	8.864
1452	279	231.93599999999998
1452	685	46.903
235	1675	52.421
235	234	7.409
1675	662	7.926
1675	663	43.758
686	1452	8.864
686	1451	24.378999999999998
1676	419	52.366
1676	1677	10.585
1678	1676	45.394
1678	1679	64.838
1679	410	129.482
1679	1678	64.838
1517	485	12.794
1517	484	105.21500000000002
548	547	144.48600000000002
548	477	187.69
548	580	39.334
580	1663	194.249
580	571	187.947
580	548	39.334
580	1292	151.123
485	1517	12.794
485	1516	42.345
581	1565	53.39
581	1563	45.921
581	571	789.246
1292	1291	208.866
1292	1680	132.459
1292	279	150.10899999999998
1292	580	151.123
279	1290	141.527
279	278	174.202
279	1292	150.10899999999998
279	1452	231.93599999999998
1290	279	141.527
1290	1289	112.144
1290	1261	229.15500000000003
831	1681	14.562
831	1682	77.485
1680	1292	132.459
1015	827	272.24999999999994
1015	1192	84.61800000000001
1587	1683	12.751
236	751	7.464
236	746	87.361
751	236	7.464
751	235	58.369
1683	348	25.962
1683	640	353.87300000000005
1202	1435	32.081
1684	1542	128.06300000000002
1684	262	50.078
1684	1685	125.558
1147	1548	60.913
1147	1144	604.664
414	413	13.208
414	1642	78.231
1607	1606	11.208
1607	1686	248.95000000000002
1607	1632	148.118
427	423	179.173
427	1558	243.22599999999997
427	1216	350.62
602	600	49.559
1555	1558	35.673
1555	424	497.4290000000001
55	1646	187.03400000000005
55	48	239.094
55	446	260.305
55	49	242.19400000000002
288	282	194.44199999999998
288	1466	279.292
288	1281	470.51700000000005
962	961	17.983
962	1687	51.504999999999995
1544	262	29.786
1544	1545	235.50400000000002
108	1595	50.412
108	107	37.946
1409	1239	82.24199999999999
1527	1240	16.763
1527	314	118.315
1497	1525	9.255
1309	1300	20.792
1309	977	93.648
1646	1682	77.942
1646	55	187.03400000000002
1646	1645	167.28
287	281	82.978
287	282	10.448
287	1096	266.719
930	545	38.901
930	1428	39.131
930	927	38.277
930	12	67.04
545	1427	39.094
545	930	38.901
545	544	60.756
1592	1688	71.891
1592	1588	343.40700000000004
1592	1040	187.472
227	932	20.396
227	1596	112.444
771	18	15.207
771	14	105.72099999999999
439	469	51.39000000000001
439	346	139.06900000000002
918	1428	77.242
918	810	455.1619999999999
918	1427	115.322
918	928	115.57900000000001
1426	1689	134.497
1426	1393	433.022
244	1690	11.114
244	237	40.022000000000006
244	1691	113.10400000000001
18	291	15.887
18	290	118.841
1415	1692	10.541
1415	836	198.774
1692	1415	10.541
1692	1099	20.031
1693	1584	14.272
1693	134	90.297
1608	1694	10.513
1608	29	33.278999999999996
1694	1608	10.513
1694	19	162.286
484	483	14.815
484	1695	60.831
484	51	295.79299999999995
479	1695	13.429
479	483	59.90100000000001
596	1546	57.87
596	600	205.197
596	594	83.114
1689	1696	10.081
1689	741	49.396
710	1693	14.778
710	135	68.935
710	1584	19.333
1499	1498	55.30499999999999
1695	481	12.118
1697	689	8.065
1122	1476	12.826
1122	1698	26.239
1262	1440	13.881
1262	1699	273.25100000000003
588	34	29.551
588	603	69.764
1633	1262	11.881
1633	905	143.632
1330	1416	14.027
1330	1633	91.96999999999998
1177	91	10.924
1177	90	37.441
306	1700	14.803
306	304	167.289
306	1701	22.469
241	1019	11.606
241	1204	695.061
241	1177	97.53899999999999
1700	306	14.803
1700	1702	22.622
1700	193	316.637
1703	345	119.625
1703	1704	211.01700000000002
1040	1295	55.622
1040	1039	137.88400000000001
1040	1592	187.472
1040	219	236.42700000000005
1705	1706	15.09
1705	1703	208.752
1705	566	118.45500000000001
1010	1610	156.941
1010	1707	96.439
1706	347	91.168
1706	1705	15.09
1706	1708	284.522
406	405	74.248
406	1515	79.369
406	1513	243.811
1515	406	79.369
1515	1045	175.52500000000003
1515	466	181.312
466	465	39.415
466	1709	139.929
466	1515	181.312
1379	1378	186.42399999999998
1709	1610	158.02100000000002
1709	967	140.4
1610	1515	140.543
1610	1010	156.941
1610	1709	158.02100000000002
967	1710	103.72
1551	731	70.478
1551	1550	52.882999999999996
1687	1064	23.463
1687	1008	61.080999999999996
347	1706	91.168
347	192	310.85999999999996
347	1266	304.26099999999997
739	1687	25.739
739	961	45.556
262	1544	29.786
262	1684	50.078
1711	1488	85.026
1711	1712	216.27499999999995
1711	1238	81.997
1238	968	83.53
1238	1713	238.56600000000003
1238	1711	81.997
1488	1711	85.026
1488	1489	206.893
1488	1486	282.86400000000003
1710	963	27.727
1710	1609	31.893
1713	1712	90.392
1713	1238	238.566
1713	1591	103.41799999999999
1712	1713	90.392
1712	1489	91.026
1712	1711	216.27499999999998
1714	1672	21.515
1489	1712	91.026
1489	1488	206.893
1489	1486	89.014
1268	1628	13.681
1268	413	187.37199999999999
515	508	246.88
515	1715	17.643
1631	1716	14.056
1631	1717	149.97400000000002
1716	1631	14.056
1716	1619	252.47700000000003
99	98	10.299
99	1718	156.265
99	360	314.367
566	345	217.268
566	1719	312.916
566	1705	118.45500000000001
1720	1721	54.85
345	566	217.268
345	1703	119.625
345	326	119.92899999999999
429	428	12.609
429	1481	93.831
429	1722	228.73299999999998
219	1259	117.117
219	216	178.37400000000002
219	324	96.403
219	1040	236.42700000000002
150	1498	15.245
150	1399	240.887
150	143	165.327
1723	149	156.77
1723	150	146.506
229	228	34.494
229	1479	136.07999999999998
229	1655	363.36800000000005
1655	31	207.723
1655	1724	34.628
1655	30	213.66
1724	895	221.498
1724	1655	34.628
1724	228	362.20200000000006
1597	1353	14.08
1597	1456	58.982
1597	1350	69.95
1718	99	156.265
1718	218	232.555
1718	217	183.779
640	791	115.81299999999999
35	161	123.77900000000001
35	36	1046.9250000000002
35	33	98.53699999999999
708	136	117.88900000000001
708	707	126.929
136	708	117.88900000000001
136	133	84.85
136	1059	167.89200000000002
1725	712	20.053
1725	707	133.995
1682	1681	84.58200000000001
1682	1646	77.94200000000001
543	1241	222.76100000000002
1113	84	85.135
217	216	167.447
217	370	379.50500000000005
217	1258	156.767
217	1718	183.779
690	1697	7.707
690	1726	59.033
70	68	296.80799999999994
70	709	50.87
70	542	170.305
1674	1432	127.751
1522	734	13.873
1522	823	187.129
1522	733	176.88000000000002
420	419	9.319
420	1677	53.529
421	1408	9.839
421	1407	65.36
733	735	14.805
733	1425	224.298
124	122	104.192
124	574	62.794999999999995
1721	1727	67.46
1721	1041	48.333
1721	1720	54.85
1728	1367	10.827
1728	1366	36.388000000000005
1367	1728	10.827
1367	1729	50.562999999999995
1219	1221	66.742
1219	582	64.536
66	727	9.338
66	797	181.66199999999998
66	63	407.2900000000001
1730	1259	13.392
1730	1258	49.737
1259	1730	13.392
1259	219	117.117
1719	564	121.807
1640	1731	15.896
1640	1625	32.824
1731	1640	15.896
1731	1638	124.02999999999999
895	1502	78.482
895	894	325.302
895	1724	221.49800000000002
1118	1117	95.41399999999999
1118	1115	82.708
1118	1127	226.02899999999997
1018	980	311.43800000000005
1018	1017	140.54999999999998
695	832	218.632
695	694	38.979
541	461	101.732
541	457	79.52000000000001
541	460	17.748
1616	1732	212.971
1616	1624	543.9179999999999
1616	1613	109.887
1732	1616	212.971
1543	1733	127.48500000000001
1503	1501	249.481
1503	1209	244.57800000000003
1503	1734	181.652
324	219	97.884
324	323	20.307000000000002
1482	853	22.474
1482	854	145.63799999999998
853	1690	111.50699999999999
853	1691	11.583
752	378	119.67599999999999
490	1078	72.492
490	1208	15.401
1275	3	24.041000000000004
1275	1265	139.866
1690	244	11.114
1735	173	369.922
1735	1275	27.169
1735	3	14.669
1736	207	10.842
1736	453	351.0330000000001
1477	1699	10.501
1477	1440	272.749
1578	1108	12.208
1578	1107	113.783
1473	1475	66.428
1473	201	37.316
200	102	9.099
200	1459	121.15
153	145	319.75699999999995
153	1293	370.428
153	330	246.99300000000002
153	147	166.606
1737	1738	76.022
1737	958	99.12299999999999
1737	959	123.49699999999999
482	1739	13.512
482	1740	90.06800000000001
1739	482	13.512
1739	478	24.701
1740	1741	14.56
1740	1742	205.58599999999998
1741	1740	14.56
1741	1739	96.955
1742	1701	14.594
1742	1700	22.436999999999998
1701	1742	14.594
1701	1741	205.77300000000002
809	921	30.334
1702	1704	14.958
1702	1706	414.35800000000006
442	1352	11.849
442	1351	25.073
1704	1702	14.958
1704	306	22.853
655	1738	95.856
655	261	95.606
655	653	124.71799999999999
1352	442	11.849
1352	441	261.479
126	593	12.03
126	343	202.79999999999998
593	126	12.03
593	125	27.017
537	430	220.172
537	819	121.048
537	1373	98.23700000000001
1557	701	59.816
1557	1556	56.248
1743	1677	27.252000000000002
375	373	181.846
1199	719	26.573
1199	652	317.179
1562	1392	17.223
1562	1493	163.764
1562	1195	218.42800000000003
1200	1199	64.65899999999999
1200	1339	64.145
1249	1247	145.756
1249	1581	204.64
1249	1580	180.40300000000002
1744	1745	11.998999999999999
199	999	68.752
199	1746	119.636
199	1002	200.12099999999998
199	198	95.298
1745	797	12.686
1745	727	180.813
1747	1748	127.801
1747	1733	76.895
1747	959	206.244
1747	579	95.628
1746	1459	214.50400000000002
1746	1453	473.808
1746	199	119.636
1699	1496	14.955
1699	1490	57.795
1490	1496	48.529
1490	189	123.456
1748	1747	127.801
1748	203	98.492
436	415	16.664
1541	1526	90.199
218	1043	277.141
218	1718	232.55499999999998
218	216	172.49399999999997
218	1360	147.25
1459	1746	214.50400000000002
1459	102	122.79
1459	1454	418.95599999999996
1749	678	117.501
1749	119	128.34699999999998
1749	1748	84.51599999999999
489	1724	578.9079999999999
489	32	32.766
32	491	13.579
32	995	252.39200000000002
1494	1357	24.181
1494	1356	149.987
854	1750	21.802
854	1463	35.944
854	1462	79.267
1733	1747	76.895
1733	379	183.136
1733	1749	131.032
1733	1685	208.183
1046	1707	12.602
1046	1009	161.168
1668	1362	89.183
1668	1131	168.44400000000002
1668	1751	187.149
1362	1668	89.183
1362	1751	66.262
1362	956	40.145
1729	1728	50.775
1729	1487	75.446
1591	899	120.119
1591	1607	142.675
1591	1713	103.418
1591	759	40.028999999999996
1632	1717	219.533
1632	1606	148.157
1632	1630	406.486
616	615	13.249
616	618	85.856
616	660	103.34200000000001
1627	1625	16.855
1627	1622	86.168
1627	1731	22.745
1641	1635	15.012
1641	1736	52.01
207	1603	19.987
997	1611	11.901
997	31	301.868
997	1597	153.065
1351	22	15.965
1351	20	165.63500000000002
1738	1737	76.022
1738	655	95.856
1738	1685	123.637
1158	1157	14.658
1158	570	83.263
742	123	9.059
742	1461	97.21699999999998
706	693	18.922
706	1719	78.981
1708	728	13.787
1708	1266	80.986
1751	1362	66.262
1751	1668	187.149
1751	1752	106.881
1752	1753	137.87199999999999
1752	1751	106.881
931	1343	54.33
931	390	196.512
931	657	24.559
668	1430	199.574
668	399	307.765
668	388	267.294
668	665	355.45200000000006
714	713	327.53700000000003
158	1612	22.931
958	1737	99.12299999999999
958	944	219.189
958	943	33.334
474	472	126.575
474	499	249.999
1191	162	24.248
1546	596	57.87
1546	750	282.30499999999995
1391	1390	77.66099999999999
1753	864	9.868
1424	75	97.772
1424	1413	54.688
1424	1545	86.623
827	1015	272.25
827	826	325.5109999999999
827	702	201.744
827	1194	173.78199999999998
1195	1194	7.15
1195	610	4.298
1195	1562	218.42800000000003
943	958	33.334
943	937	123.92999999999999
1213	1143	92.543
1213	1470	80.719
1213	1133	396.82800000000003
552	108	18.445
552	1578	147.624
1121	1494	20.753
1121	1114	357.6259999999999
1413	1424	54.687999999999995
1413	883	59.268
1754	1755	46.96
1755	821	44.132
1755	1754	46.96
1755	1186	131.108
178	1599	15.594
178	1001	237.977
1143	1213	92.543
1143	1142	13.448
1143	1133	309.52299999999997
1470	1213	80.719
1470	1469	91.284
1470	1152	235.12
578	1053	139.637
578	203	31.279000000000003
578	1725	167.772
1540	1244	15.024
1540	1756	286.424
821	1755	44.132
821	820	114.741
821	1423	149.463
1105	1303	246.673
1105	315	254.656
1105	1103	47.941
1105	917	127.85
1244	1540	15.024
1244	298	136.05800000000002
1244	1223	74.101
1756	1406	106.28899999999999
1756	554	217.45700000000002
555	1244	202.792
555	1243	75.407
38	42	81.626
38	37	68.08
1341	1093	20.863
1474	1018	282.308
1474	240	137.426
134	1520	112.755
134	133	99.285
134	1693	90.297
134	1212	257.387
1220	1520	66.615
1220	1222	80.91300000000001
1220	1214	199.015
1520	134	112.755
1520	1220	66.615
1520	1222	105.364
1520	1398	83.527
197	322	18.344
197	1201	297.61199999999997
197	1196	128.296
1401	522	64.344
1401	1398	91.281
1401	1584	169.915
1098	1097	96.65799999999999
16	14	314.181
16	770	172.
16	48	163.621
683	682	175.518
1356	513	18.594
1356	1358	51.051
1356	1554	320.7559999999999
1203	80	35.387
524	521	150.428
1357	1178	18.833
1178	1121	25.47
1178	1120	199.386
885	922	199.94000000000003
885	882	173.327
885	884	44.631
737	1539	81.523
737	736	63.965999999999994
1398	1396	105.576
1398	1520	83.527
1398	1401	91.281
1120	1119	23.57
1120	925	293.086
1643	1647	104.329
1643	368	17.764
1643	1629	96.773
1453	1139	630.032
1453	1150	323.22399999999993
1453	1746	473.808
1328	1637	66.161
1328	1327	64.749
175	1554	594.159
175	1519	85.661
175	174	101.813
1757	112	214.44000000000003
1758	368	66.43
1758	367	170.514
1758	1759	149.656
1539	358	34.209
1539	737	81.523
1092	1190	205.03500000000003
1092	1090	191.97
1092	914	139.33700000000002
350	763	10.815
350	1006	169.86
1327	919	9.974
1327	859	435.625
919	118	16.725
919	116	122.257
946	945	29.889
946	942	89.082
203	578	31.279000000000003
203	579	130.239
116	117	10.821
116	114	605.7069999999999
116	115	318.31499999999994
62	354	16.167
62	60	135.983
62	352	103.339
1759	1758	149.656
115	114	89.182
115	117	316.285
784	1760	243.37899999999996
784	1180	105.44999999999999
784	783	154.56
1644	1651	97.362
1644	1662	215.981
1644	1629	171.12800000000001
1660	1660	194.943
1660	1649	128.434
1760	784	243.37900000000002
193	51	295.875
193	50	123.62800000000001
193	1700	316.637
51	47	153.123
51	484	295.79300000000006
51	193	295.875
872	74	135.233
872	869	154.448
872	1337	173.05100000000002
368	1758	66.43
368	1643	17.764
368	363	231.00600000000003
1550	1552	75.117
796	359	23.924
48	47	92.091
48	55	239.09400000000002
48	16	163.621
1116	1665	69.027
1116	1114	65.494
1116	1124	134.769
510	1761	293.07
510	1072	294.354
1468	1762	281.636
1468	1317	243.88400000000001
1468	1465	178.435
712	1725	20.053
712	202	34.631
903	1753	49.125
649	647	111.01100000000001
893	892	194.157
975	974	210.55199999999996
1139	1554	45.068
1139	1453	630.0319999999999
1139	1138	107.572
740	1273	22.691
740	1272	72.268
504	503	11.842
504	1598	226.82500000000002
504	1062	97.05
1001	1598	10.489
1001	998	367.87
1001	1021	119.844
514	1224	68.812
514	512	219.61200000000002
514	1163	151.627
514	1726	87.048
1273	740	22.691
1273	739	54.031
1152	1148	47.033
1152	1149	94.09
1152	1470	235.12
1347	1410	63.425
1347	781	109.71300000000001
1306	1412	16.124
1306	1347	104.404
1306	782	137.505
259	258	54.21
259	1106	64.94900000000001
1698	1137	25.964
1698	1251	22.533
1698	1141	25.306
82	79	124.765
82	1527	202.51399999999998
1278	1276	295.754
1761	1726	13.792
1761	1697	55.434999999999995
1549	1532	4.011
1549	935	73.537
1141	1140	91.375
1141	1251	18.675
1	0	37.872
1	594	33.413
1314	1169	15.118
1314	1495	39.804
1495	1169	51.996
1495	1359	35.573
1532	1549	4.011
1532	623	82.83600000000001
1532	296	110.089
1532	1530	122.41499999999999
1224	514	68.812
1224	1163	86.312
1224	1210	84.293
1163	1162	46.731
1163	514	151.627
1163	1224	86.312
678	1233	240.72500000000005
678	1749	117.501
310	644	150.958
1233	1545	96.638
1233	677	155.811
1233	678	240.725
675	536	110.891
675	1378	212.681
675	672	162.43599999999998
675	399	104.309
1271	1449	128.971
806	1763	15.25
806	805	41.245
806	1764	183.731
835	833	137.34100000000004
835	1523	189.967
835	1523	606.6529999999998
1523	835	189.967
1523	734	140.35699999999997
1764	1765	127.884
1764	271	76.22800000000001
1762	1468	281.636
804	1765	149.474
804	1538	158.624
804	803	40.913
804	318	233.84699999999998
1765	804	149.474
1765	1766	190.68
1765	1764	127.88400000000001
1294	667	175.626
1294	1381	74.73
1294	1302	133.529
1294	1430	349.562
523	558	12.681
523	521	66.249
523	1402	77.804
1538	804	158.624
1538	1537	135.118
1538	1766	98.24100000000001
1211	926	207.845
1211	691	170.574
1211	1313	86.02600000000001
1766	800	232.10199999999998
800	799	132.846
800	981	150.948
800	697	289.884
502	1315	105.31299999999999
1321	474	79.605
1321	1600	322.323
1444	1445	9.839
1444	1442	354.448
1444	1667	55.965
1763	806	15.25
1763	1767	181.32399999999998
1326	1768	9.829
1326	507	283.196
1326	515	160.745
1667	1464	19.549
1667	1750	322.09000000000003
1464	1461	16.091
1464	123	102.103
123	742	9.059
123	1696	86.951
123	122	29.048000000000002
1696	1689	10.081
1447	1715	10.666
1447	1768	179.32399999999998
1768	1326	9.829
1768	1444	74.076
627	626	115.891
1422	274	36.977
1422	1418	119.61699999999999
1726	1761	13.792
1726	514	87.048
1726	509	272.14500000000004
1681	1547	18.102
1681	289	174.441
112	922	60.589
112	1757	214.44
112	110	224.295
112	926	242.919
1582	1566	159.21900000000002
1412	1306	16.124
1412	1497	85.822
1412	1411	35.914
290	273	15.467
290	272	150.5
1376	1374	15.47
1376	299	60.094
273	1769	12.824
273	1217	63.967
1769	289	16.393
1769	1547	175.15100000000004
171	168	46.34
1593	834	762.2780000000001
1593	1529	59.19000000000001
1043	1279	177.673
1043	218	277.14099999999996
1043	1280	143.334
1043	1042	152.336
1478	1590	282.408
1478	1593	56.352
1226	1168	47.851
1226	1167	156.489
1279	1043	177.673
1279	1567	75.451
1279	1250	144.428
1568	1567	74.301
944	945	85.25
944	942	31.448
944	654	162.78500000000003
654	653	13.376
654	727	238.13900000000004
654	944	162.785
353	1770	5.889
353	351	208.119
353	357	157.631
1688	1592	71.891
823	822	262.0969999999999
823	822	128.74
823	1522	187.12900000000002
614	595	265.837
614	619	117.298
614	613	79.824
614	718	132.48
718	614	132.48
718	720	252.92800000000003
718	717	249.242
718	573	125.696
1715	1771	12.648
1771	1437	11.647
1771	1079	62.08
1402	1397	51.021
1402	553	32.803999999999995
556	553	19.154
556	1492	30.654
389	386	191.012
389	838	283.616
389	1430	239.67800000000003
1772	1773	195.59
1772	841	26.274
1772	840	147.2
993	814	109.905
299	297	27.926
299	1376	60.46900000000001
71	1485	18.519
71	495	47.239999999999995
71	68	373.47799999999995
1573	1193	0.246
1573	787	113.495
1573	950	192.006
1193	1573	0.246
1193	584	136.673
1193	1414	132.84
679	559	18.065
679	715	184.451
1227	67	12.616
1227	798	466.2059999999999
798	1744	12.985
798	721	195.84
641	643	76.786
641	628	166.80799999999996
1433	1714	13.037
1433	1574	183.83700000000002
1529	1774	54.962999999999994
697	696	10.703
697	990	48.336
697	800	289.884
763	350	10.815
763	760	250.81199999999998
763	773	247.10500000000002
787	1573	113.495
787	585	166.652
787	1775	94.993
787	1110	125.937
788	1170	150.84300000000002
788	585	369.41800000000006
788	826	72.845
788	1164	132.41
1319	1225	45.059
601	600	40.757
579	1747	95.628
579	957	205.528
579	576	32.888999999999996
132	113	17.914
132	111	101.665
132	1074	131.44400000000002
1418	1422	119.617
1418	1417	83.699
948	947	7.203
948	609	73.958
1197	1016	79.032
1197	1414	99.402
1197	949	76.58200000000001
111	110	26.29
111	110	251.17399999999998
1241	561	9.485
1241	560	313.737
988	987	136.05100000000002
702	1446	537.506
702	827	201.744
702	699	220.91000000000003
1775	787	94.993
1775	1776	119.005
1775	786	187.142
277	1364	249.212
277	1763	191.802
786	585	72.82600000000001
786	783	273.96500000000003
410	1394	203.884
410	1679	129.482
410	409	33.999
90	89	10.714
90	1560	39.39
90	1561	32.166
1677	1676	10.585
1677	1678	45.33
1677	1743	27.252000000000002
422	1556	99.045
422	1407	222.636
422	419	193.819
1492	1491	148.42499999999998
1492	558	80.816
1407	557	8.559
1407	556	91.089
1407	422	222.63600000000002
1408	421	9.839
1408	1406	164.575
1408	420	59.577000000000005
1406	1408	164.575
1406	1756	106.28899999999999
1406	1387	287.309
322	197	18.344
322	1028	85.991
322	1003	32.937
361	416	14.095
361	414	95.54299999999999
1405	393	57.593999999999994
1405	1286	62.121
416	469	18.52
416	439	47.861999999999995
249	766	237.61599999999999
249	167	209.36599999999999
265	528	99.041
265	264	104.589
265	527	148.489
265	61	158.114
61	60	200.892
61	58	98.451
61	265	158.114
61	356	102.202
528	265	99.041
528	527	244.597
528	58	159.059
58	57	130.959
58	59	108.011
58	61	98.451
58	528	159.059
59	58	108.011
59	471	90.478
59	57	202.399
1420	1419	12.97
1420	1777	139.946
749	1187	15.761
749	1270	91.639
384	383	121.381
384	407	74.42500000000001
983	801	133.382
1074	1073	18.815
1074	64	98.16900000000001
1074	132	131.44400000000002
1448	1075	18.87
1448	1074	99.88900000000001
886	460	7.907
886	458	45.425
1778	1506	11.088
1778	1505	147.199
97	104	28.729
1507	105	15.24
1507	1513	27.631999999999998
1604	1736	20.006
1604	1635	66.419
577	1053	128.96
577	936	202.79500000000002
577	1136	80.71300000000001
577	576	137.253
1707	1046	12.602
1707	1045	50.379000000000005
1506	1778	11.088
1506	1779	148.272
1691	934	21.647
1691	276	138.35000000000002
1521	1779	10.218
1521	1778	148.392
1596	551	20.697000000000003
1596	1780	306.112
959	1747	206.244
959	1737	123.497
959	957	98.5
959	1685	76.85499999999999
1685	1738	123.637
1685	1733	208.183
1685	959	76.855
1685	1684	125.55799999999999
309	311	274.855
309	1673	126.32199999999997
1471	1600	25.068
1471	501	16.596
1064	738	32.672
1779	1521	10.218
1779	465	234.761
1635	1641	15.012
1635	1639	194.07600000000002
1635	1617	59.405
1625	1627	16.855
1625	1626	59.147
1625	1623	28.71
1514	97	12.191
1514	96	87.41499999999999
105	1507	15.24
105	1047	76.5
1620	1619	14.418
1620	1624	71.072
1620	1630	43.92
1624	1616	543.918
1624	1620	71.072
1624	1615	84.486
1196	196	296.794
1196	197	128.296
1196	610	165.663
701	1557	59.816
701	699	16.395
1622	1637	69.345
1622	1627	86.168
1622	1621	68.226
1622	1619	129.042
1011	146	283.4050000000001
1669	1512	95.254
1669	1344	75.984
1669	658	215.721
1669	1671	174.707
1512	1671	80.469
1512	1508	95.021
1512	1669	95.254
1512	1583	158.841
1671	1512	80.469
1671	1509	95.375
1671	1669	174.707
1717	1781	18.42
1717	1632	219.53300000000002
1717	1686	137.543
1510	1518	190.28
1510	1508	76.452
1510	1588	83.531
1111	1574	8.023
1111	1714	180.07800000000003
1518	1510	190.28
1518	1511	76.943
658	657	11.24
658	1669	215.721
658	931	25.3
139	1782	15.4
139	546	152.956
1781	1717	18.42
1781	860	143.823
1781	1716	149.379
1686	1607	248.95000000000002
1686	898	20.066000000000003
1686	897	134.972
898	856	142.976
898	1686	20.066000000000003
898	1781	137.318
393	402	52.946
393	392	192.81
402	769	99.98299999999999
402	395	216.135
856	860	134.56
856	898	142.976
856	855	139.365
856	845	135.434
319	1767	17.515
319	806	189.589
860	856	134.56
860	1781	143.823
860	859	138.961
1722	1349	15.41
1722	1400	87.666
1782	1722	12.452
1782	428	227.167
538	546	15.196
538	430	179.218
538	1782	152.47
1767	1338	14.756
1767	1373	51.827
904	902	172.495
904	899	372.594
904	1487	207.64299999999997
904	909	185.26700000000002
246	1773	148.495
246	1783	16.807
246	840	197.266
899	897	171.952
899	1591	120.119
899	904	372.594
1366	1206	37.19200000000001
1366	1205	666.362
1206	1368	16.977
1206	1784	186.70299999999997
1395	843	12.21
1395	1723	165.98
1776	1775	119.005
1062	1329	358.62
1062	920	285.125
1062	503	98.91900000000001
1487	1486	8.93
1487	1729	75.446
1487	904	207.643
1784	1773	16.571
1784	1783	148.216
841	1772	26.274
841	1785	182.713
841	1369	190.50400000000002
1217	1769	66.116
1217	698	463.774
1785	841	182.713
1785	338	17.421999999999997
1785	335	60.781
338	149	150.422
338	1785	17.421999999999997
338	1786	190.942
336	1085	18.67
336	839	180.459
1085	337	86.326
1085	148	84.26700000000001
1085	336	18.67
1437	1447	12.655
1437	1443	38.766
149	338	150.422
149	1723	156.77
149	143	162.391
149	908	179.25500000000002
908	149	179.25500000000002
908	901	34.417
908	1395	144.024
1370	1785	191.713
1370	1786	18.543
1034	1036	17.595
1034	1519	134.857
1786	908	140.475
1773	1772	195.59
1773	1784	16.571
1773	1368	187.67000000000002
840	839	27.301
840	247	135.51
840	246	197.26600000000002
1041	1721	48.333
1041	715	86.152
1041	720	25.395
1504	1589	58.511
1504	1502	143.613
1504	1501	246.407
1783	246	16.807
1783	245	135.049
1727	1721	67.46
182	165	13.587
182	164	204.452
2	586	65.78
2	0	97.797
1502	895	78.482
1502	1501	100.858
1502	1504	143.613
611	607	32.169
1734	1503	181.652
1734	1209	439.90099999999995
1787	165	21.122
1209	1208	21.18
1209	1503	244.57799999999997
1209	1734	439.9009999999999
887	878	490.654
887	1788	108.507
722	721	7.719
722	1384	144.373
722	1744	193.4020000000001
794	1788	17.734
1438	450	137.29999999999998
1438	1384	136.21300000000002
1438	452	207.173
960	951	273.43899999999996
960	1666	231.92700000000002
960	1157	39.447
452	936	104.047
452	448	100.664
452	1438	207.17299999999997
1789	1788	106.37599999999999
1788	794	17.734
1788	887	108.50700000000002
1788	1789	106.376
247	842	26.713
247	243	199.16600000000003
1026	1293	155.067
1026	1025	105.90200000000002
169	168	135.814
169	94	65.126
850	849	13.809
850	846	189.495
656	653	79.89399999999999
656	882	94.4
656	261	125.84200000000001
1414	1197	99.402
1414	1193	132.84
1282	1281	11.039000000000001
1282	1442	49.223000000000006
1404	1389	203.459
1384	516	137.433
1384	1438	136.213
1384	722	144.373
1774	1319	47.667
1774	1318	483.817
281	280	10.205
281	224	152.268
281	1780	227.302
736	46	16.215
736	44	150.50300000000001
684	682	193.52599999999998
5	1287	11.621
5	1790	18.99
4	1770	141.432
4	1735	14.485
1790	1287	14.525
1072	510	294.354
1072	1320	27.488
1770	353	5.889
1770	1735	144.20399999999998
1780	281	227.302
1780	1096	89.68799999999999
1791	889	84.135
889	890	134.26999999999998
889	1791	84.13499999999999
889	888	238.798
890	889	134.27
890	888	97.28999999999999
890	891	85.297
980	156	219.09199999999998
980	1018	311.438
980	240	160.84199999999998
1068	1071	26.491
1068	1067	220.651
617	615	149.39600000000002
617	621	111.06099999999999
165	182	13.587
165	181	286.39000000000004
165	1787	21.122
464	506	148.65300000000002
464	461	159.865
464	462	91.799
464	450	199.861
925	923	388.847
925	1088	122.25699999999999
925	1119	292.905
181	180	14.296
651	1305	79.468
651	650	403.12299999999993
567	1708	13.729
567	1705	276.279
462	463	82.00800000000001
462	507	171.631
462	1082	171.09000000000003
462	464	91.799
1531	1530	101.06
1531	1536	162.99699999999999
1531	1383	44.676
291	771	11.817
291	770	48.94
1383	1381	22.855
1383	1531	44.676
1382	1305	50.916
1382	1383	157.57599999999996
1382	1298	115.372
451	448	95.971
451	454	100.566
451	1058	202.233
451	936	98.518
1267	1266	14.314
1267	728	77.5
1025	170	12.047
1025	173	130.482
1025	1269	159.798
1750	852	12.156
1750	1636	49.17
937	957	32.644
937	936	136.666
937	576	204.677
222	221	52.596000000000004
222	458	150.161
173	172	15.677
173	1361	14.353
173	1735	369.9220000000001
173	1664	55.406000000000006
550	1254	11.25
550	549	220.564
550	669	198.08800000000002
1272	941	21.656
1272	940	98.332
1417	1777	14.165
1417	1419	139.578
1777	1330	10.727
1777	1329	96.219
480	836	8.578
480	1792	57.645
836	480	8.578
836	24	89.5
836	479	151.53
1792	307	315.467
1792	1692	140.92399999999998
1101	29	10.883
1101	1694	35.759
275	1024	12.157
275	274	63.848000000000006
275	1023	54.208
307	1792	315.467
307	304	98.994
307	1099	102.256
802	799	118.188
1023	1022	10.734
1023	1441	210.258