0	1	16.362
0	2	113.931
3	4	124.67299999999999
3	5	30.724
3	1	166.26500000000001
6	7	15.051
6	8	53.354
6	9	284.607
10	0	254.35
10	11	73.903
12	13	714.8699999999999
14	15	84.369
14	16	197.876
14	17	187.81500000000003
18	19	81.006
18	20	82.22899999999998
18	21	32.765
22	23	93.32199999999999
22	24	150.149
22	25	43.181
26	27	684.651
26	28	747.7049999999999
26	29	3448.5080000000007
30	31	381.451
32	33	12.289000000000001
32	34	95.179
35	36	83.722
35	37	106.883
35	38	179.327
39	40	2678.479999999999
39	41	2093.234
39	42	1027.442
43	44	59.752
45	46	44.244
45	47	292.281
45	48	490.2210000000001
49	50	4.026
49	25	26.844
49	51	113.666
52	53	68.549
52	54	136.69100000000003
55	56	231.69299999999998
55	57	64.905
55	58	177.108
8	59	1034.9820000000002
8	6	53.354
8	60	105.361
53	61	136.507
53	52	68.549
53	62	122.09799999999998
63	64	89.583
64	65	54.884
64	66	2294.5860000000002
64	63	89.583
67	68	125.576
67	61	100.194
67	69	96.16399999999999
61	67	100.194
61	53	136.507
61	70	106.439
71	72	1153.422
36	35	83.722
36	68	99.19200000000001
36	73	187.36599999999999
68	67	125.576
68	36	99.19200000000001
68	74	82.773
72	75	714.077
72	28	2095.4339999999997
72	71	1153.422
76	77	452.786
78	79	322.654
79	80	100.824
79	81	2.585
79	78	322.654
82	83	10.739
82	84	235.59300000000002
82	85	142.465
86	87	96.60999999999999
86	88	129.797
86	89	176.46999999999997
90	91	321.732
90	92	451.207
90	77	457.375
93	94	51.779
93	95	68.39
93	96	73.143
34	33	96.60099999999998
34	97	131.09300000000002
98	97	3.632
98	99	51.248999999999995
98	100	124.326
95	93	68.39
77	90	457.375
77	76	452.786
77	92	289.74399999999997
101	102	241.38799999999995
103	104	354.969
103	105	114.839
103	106	270.136
99	98	51.248999999999995
99	107	101.28800000000001
99	108	55.687
109	110	451.44900000000007
109	111	79.31700000000001
109	112	179.24699999999999
111	113	120.398
111	109	79.31700000000001
111	114	31.244
115	116	581.791
115	117	2279.8720000000003
115	118	417.763
119	120	3.315
119	121	249.72
119	122	156.797
117	115	2279.872
117	123	252.2
117	124	78.704
125	126	17.205
125	127	479.3
125	128	340.11100000000005
123	129	486.80000000000007
123	130	602.7549999999999
123	117	252.2
131	132	38.811
131	133	153.372
131	134	143.472
132	135	953.0329999999998
132	131	38.811
132	133	109.235
136	137	172.116
136	137	506.54200000000003
136	138	54.855
139	140	2158.386
139	105	2597.1899999999996
139	141	331.70000000000005
142	143	104.424
142	144	184.883
142	145	543.571
146	147	48.6
146	148	150.349
146	149	96.98800000000001
147	146	48.6
150	151	51.20599999999999
150	152	39.696
153	126	95.938
154	155	30.638
156	152	32.487
156	157	113.66300000000001
158	152	40.463
152	156	32.487
152	158	40.463
159	160	107.271
159	161	22.31
159	162	98.325
163	164	31.656
140	165	1194.886
140	139	2158.3859999999995
140	166	176.84699999999998
164	167	40.023
164	163	31.656
162	168	110.116
162	169	99.556
162	159	98.325
170	171	130.82000000000002
172	173	159.62
151	174	3.96
151	155	12.099
175	176	100.334
175	177	415.014
175	178	57.233000000000004
179	74	112.738
180	181	120.43600000000002
180	182	153.85599999999997
180	183	169.201
180	184	89.797
183	185	6.602
183	186	135.718
183	180	169.20100000000002
62	53	122.098
62	187	116.38
62	70	116.39099999999999
188	52	116.958
188	184	114.25800000000001
188	189	146.276
184	190	130.52700000000002
184	180	89.797
184	188	114.258
191	192	40.981
191	193	18.937
194	195	138.392
74	179	112.738
74	68	82.773
74	69	124.648
69	70	99.11500000000001
69	74	124.648
69	67	96.164
69	196	110.922
197	198	192.59499999999997
197	199	609.8399999999999
197	200	397.41499999999996
201	202	59.369
201	203	704.364
169	162	99.556
169	204	61.123
169	205	108.387
204	169	61.123
204	206	88.369
204	207	104.613
192	208	56.972
192	209	36.172
189	188	146.276
210	211	140.44299999999998
210	211	88.853
210	212	81.47
210	213	363.678
214	215	78.273
214	216	65.369
215	214	78.273
215	217	24.151000000000003
218	219	394.673
220	218	54.783
220	221	33.083
81	79	2.585
81	222	115.769
81	223	67.512
224	225	277.774
224	226	314.686
224	227	145.837
228	221	49.003
228	229	51.745000000000005
195	194	138.392
195	200	114.714
195	230	76.543
102	231	309.553
102	232	150.24
102	101	241.38799999999998
221	233	43.15
221	218	25.422
221	229	22.519
200	195	114.714
200	234	161.655
200	197	397.415
230	195	76.54299999999999
235	236	16.387
235	237	672.588
235	238	125.25699999999998
239	240	89.822
239	241	22.540999999999997
198	197	192.59500000000003
240	242	118.358
240	241	91.58999999999999
243	221	13.642
243	233	41.656
244	245	18.686999999999998
246	247	17.604999999999997
245	248	1772.8800000000003
245	249	413.20599999999996
245	244	18.687
250	251	37.352
250	252	238.54900000000004
250	253	421.38599999999997
229	254	38.612
255	127	8.788
255	256	37.59
255	257	999.2250000000001
255	258	687.117
219	65	1811.5619999999997
219	228	367.53400000000005
226	224	314.68600000000004
259	260	4.011
259	261	142.86300000000003
259	262	142.401
263	264	155.821
263	265	156.26200000000003
266	267	99.81200000000001
266	261	38.71
266	268	122.833
269	270	107.529
269	256	122.946
269	271	12.066
272	273	6.477
272	274	44.373999999999995
275	275	99.54899999999998
275	275	99.54899999999999
275	133	153.73499999999999
276	232	248.44600000000003
276	277	1083.5960000000002
276	278	107.358
270	279	57.572
270	269	107.529
270	280	12.552
281	282	52.289
281	283	67.986
281	284	106.55099999999999
279	270	57.572
279	285	1008.376
279	286	305.875
287	288	808.2669999999999
287	220	355.564
116	289	1673.4379999999999
116	115	581.7909999999999
116	118	374.876
290	291	23.058999999999997
292	293	48.370999999999995
292	294	46.959
292	295	62.352000000000004
33	296	6.0809999999999995
222	143	2.968
222	81	115.769
222	297	67.754
298	10	123.29700000000001
298	299	20.5
298	300	11.498999999999999
301	302	31.131
301	294	192.667
294	301	192.667
294	303	7.244
294	292	46.959
284	281	106.551
304	305	54.945
306	307	61.22
306	308	453.1099999999999
309	310	85.717
309	311	54.327
309	312	62.230000000000004
313	314	94.329
313	315	71.083
313	316	202.29399999999998
317	318	96.868
319	32	2.499
88	320	124.16299999999998
88	321	203.83599999999998
88	86	129.797
322	323	3.141
324	325	68.865
100	98	124.326
100	326	228.93299999999996
327	44	76.215
327	328	35.582
327	329	79.763
330	331	46.16
330	332	184.857
330	333	83.597
329	327	79.763
293	303	6.951
293	332	32.235
293	292	48.370999999999995
323	334	81.82300000000001
323	319	17.365000000000002
303	294	7.244
303	293	6.951
303	335	59.477
336	337	55.565
338	339	86.497
338	340	116.193
338	341	100.332
339	341	191.69500000000002
339	338	86.49700000000001
339	342	43.973
343	344	163.323
343	5	132.099
343	4	109.565
343	345	44.641
346	347	110.672
346	348	121.76700000000001
346	349	71.708
350	307	4.767
350	351	128.623
350	352	93.11800000000001
353	354	243.89600000000002
353	355	84.803
353	356	203.69400000000002
208	357	108.154
345	358	26.836
345	359	101.553
345	343	44.641
360	361	206.199
360	362	189.327
360	128	335.813
363	364	10.489
364	365	351.776
364	366	55.696
367	368	44.606
369	370	85.168
369	371	27.021
369	372	310.275
373	367	14.052
373	374	34.702
375	362	51.594
375	376	294.647
375	371	105.252
366	377	13.518
366	378	46.136
377	373	11.190000000000001
379	380	53.43
379	381	341.87800000000004
379	382	203.35999999999999
379	383	228.647
357	384	28.526000000000003
385	386	30.842999999999996
385	387	78.16799999999999
385	388	120.174
387	389	37.432
387	390	158.937
387	385	78.168
391	392	573.606
381	379	341.878
393	394	2166.227
393	395	4451.030000000001
393	396	2313.4770000000003
397	398	54.246
397	399	84.069
397	400	70.711
401	402	309.337
401	403	1697.2650000000006
401	404	245.743
405	406	128.189
405	407	29.426
405	408	42.50599999999999
409	410	121.24399999999999
409	411	164.478
409	412	51.367000000000004
409	413	95.59100000000001
398	414	139.478
398	397	54.246
398	415	417.844
372	369	310.275
416	417	51.672
416	418	58.595
411	409	164.47799999999998
411	419	371.827
411	420	94.304
420	413	164.36700000000002
420	411	94.304
420	421	129.129
422	423	259.199
422	419	105.438
422	424	39.047
423	422	259.199
423	412	73.01199999999999
423	425	58.435
426	426	113.66600000000001
426	427	289.683
428	429	165.383
430	431	148.66199999999998
430	432	26.331
430	433	99.00699999999999
429	428	165.383
429	434	64.541
429	435	200.964
418	436	41.312999999999995
418	437	13.007000000000001
434	429	64.541
434	438	30.02
434	435	191.54000000000002
439	440	23.605000000000004
439	441	16.352999999999998
442	443	291.052
437	444	19.819
435	429	200.964
435	443	180.418
435	434	191.54000000000002
443	442	291.052
443	435	180.418
445	446	97.718
447	448	10.04
447	449	46.168000000000006
450	447	7.168
408	405	42.506
356	353	203.69400000000002
451	452	1637.3790000000001
453	454	26.952
453	455	206.563
453	456	158.707
457	458	154.918
459	460	334.76699999999994
459	461	113.60599999999998
459	352	82.63199999999999
459	462	169.965
463	464	15.481
463	465	8.539
463	466	11.503
467	468	103.50800000000001
467	469	269.123
470	471	390.177
470	471	405.66700000000003
470	472	157.361
470	473	688.963
474	475	48.996
474	476	36.595
474	465	42.624
477	201	65.47800000000001
478	203	33.072
436	437	38.336999999999996
436	46	435.65999999999997
479	480	86.791
479	308	29.152
481	482	111.118
481	483	74.172
481	484	138.382
485	486	51.879
485	487	84.991
485	488	152.74
242	240	118.358
242	489	22.367
490	491	173.744
490	492	98.206
490	493	173.63000000000002
494	407	81.67699999999999
495	496	11.568
497	498	100.723
497	499	95.524
497	500	145.162
501	502	478.009
46	45	44.244
46	50	76.726
46	436	435.6600000000001
503	504	268.957
504	505	107.947
504	506	162.04500000000002
504	503	268.957
507	105	1612.804
508	509	197.061
508	510	90.594
508	511	144.28799999999998
508	512	232.97200000000004
513	514	327.467
513	505	76.972
513	515	469.47700000000003
516	517	32.246
518	517	155.471
517	518	155.471
517	519	28.282
517	516	32.246
519	506	118.578
519	517	28.282
519	520	90.896
521	522	95.455
521	523	150.396
521	509	274.974
521	149	198.21200000000002
506	519	118.578
506	524	201.311
506	504	162.04500000000002
525	526	109.281
525	527	198.86599999999999
525	528	49.834
529	529	139.568
529	458	69.285
520	519	90.896
446	530	68.54
446	531	4.24
446	445	97.71799999999999
531	446	4.24
531	75	164.346
531	530	424.43699999999995
166	140	176.847
515	532	545.9619999999999
515	533	60.842000000000006
515	513	469.477
499	497	95.524
499	253	80.484
499	534	176.026
535	536	159.648
535	537	301.21199999999993
535	538	705.2829999999999
533	539	166.88799999999998
533	515	60.842
533	540	168.834
541	542	168.788
541	543	190.178
541	412	370.51399999999995
544	545	171.874
544	546	127.387
544	402	174.016
524	506	201.311
524	547	227.101
524	548	121.99100000000001
549	406	46.85
549	528	144.755
549	528	108.28899999999999
549	550	124.15899999999999
547	524	227.10100000000003
548	514	60.973
548	551	301.206
548	524	121.99100000000001
514	513	327.467
514	548	60.973
514	540	332.9290000000001
545	552	25.586
545	544	171.874
545	553	1640.0100000000002
539	533	166.888
540	554	6.479
540	533	168.834
540	514	332.929
554	540	6.479
554	555	374.38599999999997
554	556	156.746
557	558	74.021
557	559	57.007999999999996
557	560	137.70800000000003
561	562	216.94399999999996
561	394	82.15
563	92	638.461
563	564	198.01399999999998
565	566	2268.6980000000003
567	44	70.076
564	395	6.681
564	568	118.878
569	570	42.318
569	571	175.02499999999998
556	572	241.476
556	554	156.746
556	551	118.69699999999999
573	574	81.369
551	548	301.20599999999996
551	556	118.69699999999999
551	575	178.52100000000002
576	577	73.974
578	579	173.864
580	406	121.934
581	582	169.986
577	576	73.974
577	583	60.032
577	579	99.03999999999999
575	572	281.843
575	551	178.52100000000002
575	584	210.729
528	549	144.755
528	549	108.28899999999999
528	525	49.83399999999999
571	570	133.54500000000002
571	569	175.025
571	585	41.199999999999996
585	586	132.096
585	587	258.33799999999997
585	571	41.199999999999996
588	589	146.83999999999997
590	591	104.408
572	555	108.38399999999999
572	575	281.84299999999996
572	556	241.47600000000003
579	578	173.864
579	584	16.314
579	577	99.03999999999999
592	593	124.379
592	593	190.87499999999997
592	594	2713.3360000000002
584	575	210.729
584	595	2613.336
584	579	16.314
555	582	148.377
555	572	108.38400000000001
555	554	374.386
555	596	153.62
560	496	95.726
560	597	125.63799999999999
582	581	169.986
582	598	300.283
582	555	148.377
502	599	251.39
502	600	104.191
502	501	478.009
598	582	300.283
601	498	79.462
601	602	162.721
601	603	166.267
604	605	90.15
606	607	106.34199999999998
606	608	89.691
608	606	89.691
608	609	89.72200000000001
608	610	100.42500000000001
596	555	153.62
599	611	110.826
599	502	251.38999999999996
599	612	692.0149999999999
613	610	43.242
613	604	94.11
614	615	108.25900000000001
616	604	49.10699999999999
616	614	89.84400000000001
610	608	100.425
610	613	43.242
612	599	692.015
617	618	373.97200000000004
617	619	214.324
617	620	254.621
617	621	186.514
622	623	133.55499999999998
16	14	197.87600000000003
16	624	446.3880000000001
16	31	220.982
566	565	2268.6980000000003
566	625	87.087
566	626	5405.792000000001
190	184	130.52700000000002
627	628	177.975
629	630	84.909
629	631	233.185
629	632	198.055
633	634	105.307
633	635	392.62
633	628	135.663
628	627	177.975
628	633	135.663
628	83	67.98700000000001
636	637	212.69799999999998
636	638	429.6379999999999
636	639	775.014
634	633	105.307
640	641	167.10199999999998
406	405	128.189
406	549	46.85
406	642	156.51
406	580	121.934
498	601	79.462
498	497	100.723
498	643	142.494
644	645	146.016
137	136	172.116
137	136	506.54200000000003
137	646	195.498
647	648	3566.675
647	649	134.813
647	650	765.1080000000001
642	526	9.517
642	603	129.159
642	406	156.51
651	641	100.531
651	652	72.842
651	653	124.625
407	405	29.426
407	494	81.67699999999999
407	603	138.12699999999998
654	655	255.76800000000003
656	657	302.527
658	659	146.80700000000002
646	660	249.691
646	40	2083.4179999999997
646	137	195.498
646	178	96.17699999999999
661	662	102.702
661	663	25.265
661	164	149.067
664	665	16.829
664	666	175.853
667	668	6.818
669	664	9.225999999999999
668	669	15.762
668	670	62.709
671	672	109.803
671	486	70.126
671	673	166.131
674	675	8.826
674	676	4.077
674	677	293.61
678	679	50.188
678	433	282.05899999999997
678	680	121.35799999999998
681	682	34.124
681	683	40.697
684	685	7.288
684	686	86.344
684	687	197.84100000000004
308	306	453.11
308	479	29.152
308	97	363.171
688	689	90.743
688	690	105.437
691	692	103.315
691	692	566.3430000000001
691	693	102.018
692	691	103.315
692	691	566.3430000000001
692	694	76.05499999999999
568	395	118.53800000000001
568	695	1439.884
696	697	578.668
602	526	117.614
602	643	82.374
602	601	162.721
325	698	116.31700000000001
325	257	71.86999999999999
325	324	68.865
325	699	132.254
645	700	66.434
645	701	132.39100000000002
645	644	146.01600000000002
702	703	380.65500000000003
380	379	53.43
380	704	74.599
380	705	313.526
706	161	12.265
706	707	57.022
706	708	56.179
700	709	83.
700	645	66.434
700	710	94.931
710	700	94.931
711	712	338.518
708	161	55.998999999999995
708	713	116.435
359	345	101.553
714	534	6.134
714	715	82.067
714	716	88.58
42	717	382.31600000000003
42	718	1689.6699999999994
42	39	1027.442
719	716	68.447
719	720	103.008
719	720	204.92000000000002
721	722	391.339
716	723	100.777
716	719	68.447
716	714	88.58
512	508	232.972
512	724	58.614000000000004
512	725	134.521
723	716	100.777
726	727	85.343
728	729	184.274
728	730	14.597
731	720	33.683
731	732	0.875
731	733	155.972
734	655	57.91
37	35	106.88300000000001
37	173	11.586
730	735	135.62
730	37	10.247
736	737	614.3209999999999
736	670	665.432
736	738	337.25199999999995
509	521	274.974
509	508	197.061
509	739	146.645
739	511	202.538
739	509	146.64499999999998
739	740	94.54400000000001
741	1	180.533
742	743	112.359
744	745	444.574
744	718	719.969
744	746	233.422
747	748	69.79
747	749	384.70099999999996
747	750	72.34299999999999
749	751	51.358000000000004
749	752	117.798
749	747	384.701
603	600	133.245
603	642	129.159
603	407	138.127
603	601	166.267
753	754	40.141999999999996
753	755	835.8870000000001
753	234	229.189
756	752	103.795
756	757	97.761
756	758	120.72
752	756	103.795
752	749	117.798
752	748	245.148
650	647	765.108
526	642	9.517
526	525	109.28099999999999
526	602	117.614
527	759	377.667
527	525	198.866
527	760	350.051
527	488	33.822
761	762	22.411
761	763	24.206
761	764	408.232
763	762	28.337
763	761	24.206
763	289	111.923
277	276	1083.5960000000002
277	765	362.15
277	766	241.537
767	768	79.359
769	770	441.21099999999996
769	771	30.995
772	321	86.089
773	774	32.107000000000006
773	775	23.665999999999997
776	199	141.35
777	212	230.399
777	211	62.343999999999994
777	778	179.341
779	780	63.438
781	782	99.766
618	617	373.97200000000004
783	784	384.7210000000001
783	785	247.86600000000004
783	786	159.64000000000001
787	788	22.016
787	789	188.781
787	790	35.573
791	792	21.366
791	108	118.059
791	793	15.554
792	794	10.123
792	791	21.366
792	108	99.09700000000001
794	792	10.123
794	793	35.115
794	107	37.293
795	796	130.635
795	797	2108.481
795	798	85.302
799	800	73.18
799	801	179.312
799	802	213.03
800	799	73.18
800	803	141.237
800	804	152.183
802	799	213.03
802	805	15.056999999999999
802	134	143.971
687	773	28.083
806	807	15.605
806	798	71.082
806	798	112.276
808	809	104.115
810	811	103.085
810	812	109.081
810	813	239.356
814	811	77.57
814	815	217.35899999999998
814	816	386.451
811	817	215.046
811	814	77.57
811	810	103.085
818	819	141.539
820	821	161.613
820	822	1603.653
820	823	243.28
809	808	104.11500000000001
809	807	39.393
809	824	45.179
819	825	131.095
819	818	141.539
819	826	1113.91
827	828	378.9429999999999
827	829	151.55299999999997
827	830	223.43200000000002
807	831	54.19
807	806	15.605
807	809	39.393
828	832	191.
828	827	378.94300000000004
828	833	236.91100000000003
798	806	112.276
798	806	71.082
798	795	85.302
87	86	96.60999999999999
87	834	29.384
87	835	499.019
830	827	223.432
780	779	63.437999999999995
780	836	139.946
780	837	68.40299999999999
838	797	245.677
328	327	35.582
328	839	31.504
840	841	24.953
840	842	86.748
840	843	173.62599999999998
128	844	197.41499999999996
128	360	335.81300000000005
128	286	159.42499999999998
128	125	340.111
845	729	148.162
619	617	214.324
619	846	201.66199999999998
619	621	316.75100000000003
847	848	167.18099999999998
847	754	460.65099999999995
847	849	302.29999999999995
850	851	504.3539999999999
850	852	15.504
850	853	234.80100000000002
321	772	86.089
321	88	203.836
321	854	82.53200000000001
851	853	192.97999999999996
851	855	298.17799999999994
851	850	504.354
856	722	171.019
856	857	144.832
856	858	184.515
856	859	72.478
860	861	12.366
860	47	400.2299999999999
860	48	357.344
861	860	12.366
861	862	135.56099999999998
861	863	230.27
864	865	131.409
866	688	91.05599999999998
866	867	141.591
868	868	150.47999999999996
868	868	150.48
868	869	63.489000000000004
689	870	112.375
689	871	99.869
872	873	19.014
872	874	151.327
872	875	167.16
424	422	39.047
876	877	78.37899999999999
878	879	54.426
878	880	118.941
878	881	308.295
882	449	11.209
882	448	56.69199999999999
877	392	61.515
877	876	78.37899999999999
877	883	343.942
884	885	48.693
884	886	47.04
884	887	54.123000000000005
888	882	10.725
888	889	261.583
890	891	187.55200000000002
890	892	29.576
890	893	27.974
392	877	61.515
392	894	140.061
392	391	573.606
885	884	48.693
895	896	55.786
626	897	133.071
626	566	5405.791999999999
898	895	65.516
896	899	46.435
896	900	40.96
901	626	128.45499999999998
902	903	7.169
902	901	24.019
899	904	116.923
905	906	171.751
907	902	7.334
907	908	36.181
909	907	22.452
909	908	46.262
906	905	171.751
906	910	53.41
906	433	290.859
911	775	16.686999999999998
912	901	64.15299999999999
912	902	52.644
908	913	104.20599999999999
913	912	90.595
913	914	2755.7850000000003
826	468	463.236
826	915	851.9770000000001
826	819	1113.9099999999999
916	910	19.435
916	917	164.441
916	918	240.72500000000002
919	920	19.904
919	921	347.471
922	923	75.91
917	916	164.441
924	796	3239.0280000000002
924	925	178.658
924	926	245.74800000000002
927	926	47.472
927	928	47.443
927	929	158.59900000000002
930	931	63.736
930	932	170.483
930	933	89.631
931	934	100.421
931	930	63.736
931	935	170.506
932	935	66.279
932	936	43.742
932	930	170.483
935	932	66.279
935	931	170.506
935	120	236.197
936	932	43.742
933	930	89.631
722	937	157.203
722	856	171.019
722	721	391.33900000000006
938	939	292.004
891	890	187.55200000000002
623	940	154.77
623	510	12.548
623	622	133.555
378	941	376.979
378	377	47.882
942	943	377.248
302	301	31.131
302	301	43.215
302	944	96.725
945	946	78.467
945	947	12.605
945	948	100.584
947	945	12.605
947	949	174.57000000000002
947	950	37.192
946	945	78.46699999999998
946	951	71.943
946	952	171.14300000000003
953	954	113.492
855	955	279.46099999999996
855	956	327.805
855	851	298.178
957	958	222.69899999999998
910	916	19.435
910	959	190.77800000000002
910	906	53.41
236	235	16.387
186	183	135.718
960	114	133.88500000000002
961	962	1048.813
961	290	19.174999999999997
805	802	15.056999999999999
963	964	35.32
963	965	121.13500000000002
963	649	3451.8179999999993
966	967	17.233
966	904	2588.8859999999995
966	968	864.659
969	970	606.9359999999999
971	972	118.448
971	973	83.822
971	974	83.237
971	975	83.328
976	977	65.43100000000001
978	797	3736.283
978	13	623.385
978	979	4976.841
980	754	164.102
981	982	151.964
981	983	2937.235
981	984	154.06900000000002
975	974	81.07
975	985	163.661
975	971	83.328
975	986	78.512
56	55	231.693
56	57	133.80599999999998
56	987	322.82000000000005
988	989	107.038
988	167	88.001
988	990	113.48700000000001
990	991	42.122
990	663	81.045
990	988	113.487
361	360	206.19899999999998
992	970	489.48800000000006
589	993	144.
589	588	146.84
589	994	345.96500000000003
589	185	315.916
196	69	110.92200000000001
995	995	100.581
995	466	20.369
466	463	11.503
466	476	53.716
466	995	20.369
996	997	147.77
998	999	246.279
998	1000	72.138
998	247	156.315
1000	998	72.138
1001	1002	328.612
1001	1003	80.749
1001	1004	158.65300000000002
874	1005	149.898
874	872	151.327
874	1006	1084.39
1007	1008	186.08499999999998
680	417	35.953
680	678	121.358
1009	846	293.136
846	1009	293.13599999999997
846	875	244.26399999999998
846	619	201.662
1010	1011	101.913
7	6	15.051
7	1011	107.701
7	1012	393.79699999999997
1011	7	107.701
1011	1010	101.913
1011	1013	93.135
677	1014	76.252
677	1015	40.446000000000005
1013	1011	93.135
1016	757	69.171
757	756	97.761
757	1016	69.171
757	758	67.293
757	1017	50.424
758	757	67.293
758	1018	65.003
758	756	120.72
758	748	68.813
1019	748	66.578
1020	1021	51.455999999999996
1020	1022	11.231
593	592	124.379
593	592	190.875
593	1023	3216.351000000001
748	747	69.79
748	752	245.148
748	1019	66.578
748	758	68.813
1024	248	3625.605
1025	318	101.287
1025	1026	78.239
1025	1027	158.409
133	131	153.372
133	275	153.73499999999999
133	132	109.235
1028	1029	38.974
1028	698	150.797
1028	1030	142.323
1031	1032	329.407
1031	1033	65.289
1031	1034	70.717
1035	1036	52.932
1035	1037	90.353
1035	766	57.190000000000005
1035	1038	71.719
394	561	82.444
394	393	2166.2270000000003
1032	694	150.062
1032	1039	64.88900000000001
1032	1031	329.4069999999999
264	263	155.821
1040	1041	42.257
1040	510	128.139
1040	724	78.545
738	611	389.518
738	1042	124.387
738	736	337.25200000000007
1043	1041	88.31
427	1044	196.27900000000002
427	426	289.683
427	1045	170.728
1046	1047	88.534
1046	1048	575.545
1046	1049	151.68200000000002
129	1050	18.006999999999998
129	123	486.8
417	680	35.952999999999996
417	416	51.672000000000004
417	1051	309.23299999999995
1052	1030	99.874
1052	698	68.379
1052	1053	38.158
1054	1055	75.276
1048	1046	575.5450000000001
694	1032	150.062
694	692	76.055
694	1056	151.828
699	1053	66.223
699	325	132.254
699	1057	66.30300000000001
1055	1034	35.71
1055	1030	38.938
1055	1054	75.276
1056	694	151.828
1030	693	104.937
1030	1052	99.874
1030	1055	38.938
1030	1028	142.323
1053	1034	66.293
1053	699	66.223
1053	1052	38.158
1039	1032	64.88900000000001
1039	751	145.198
1039	1058	262.23
1059	1060	401.411
1034	1053	66.293
1034	1055	35.71
1034	1031	70.717
1060	1061	65.52799999999999
1060	1062	199.49
1060	1059	401.411
1063	1064	1186.559
1065	1066	54.332
1065	1067	54.696
1065	1068	116.959
1069	1070	97.98
1069	985	51.522
1069	1071	74.359
1069	1072	77.696
986	975	78.512
986	1073	11.008
1072	1074	57.864
1072	1069	77.696
1072	986	225.90800000000002
546	552	9.606
546	544	127.387
546	1075	203.487
1006	874	1084.39
97	98	3.632
97	308	363.17099999999994
97	34	131.09300000000002
1047	1049	61.565
1047	1046	88.534
1047	1076	3100.1329999999994
977	1077	1084.131
977	1064	15.556
977	976	65.431
1078	1079	1604.503
1078	471	407.58799999999997
1078	1080	750.0790000000002
5	343	132.099
5	3	30.724
5	1081	486.0190000000001
666	665	172.73999999999995
666	1082	545.048
1083	1084	135.875
1083	149	69.371
1083	1085	170.512
511	739	202.538
511	940	163.33599999999998
511	508	144.28799999999998
1086	1087	60.311
1088	1089	90.242
1088	2	157.67499999999998
1088	299	127.787
1088	413	66.56500000000001
1090	1090	109.765
1090	1091	44.769999999999996
1092	351	69.322
1092	1093	18.794999999999998
352	1094	117.59799999999998
352	459	82.632
352	350	93.118
1095	48	10.025
1095	1096	11.33
1095	861	357.0679999999999
28	639	1112.6620000000003
28	26	747.7049999999999
28	72	2095.4339999999997
1097	1098	51.292
1097	1099	155.277
1097	1100	82.466
1100	1097	82.466
1101	1102	1964.003
1101	1103	126.944
1101	1103	410.528
203	201	704.364
203	1104	29.042
881	878	308.295
233	287	340.865
1105	724	11.952
1105	1106	270.35999999999996
1105	1107	271.629
48	1095	10.025
48	45	490.2209999999999
48	274	118.475
288	1108	230.131
288	287	808.2669999999999
288	865	144.252
865	1109	1016.458
865	288	144.252
865	864	131.409
1110	755	1617.364
273	1095	67.351
273	1096	70.535
1111	1112	12.564
1111	690	92.24099999999999
1111	866	108.22600000000001
1113	1114	96.17000000000002
1113	1115	100.33
1114	1112	114.89000000000001
1114	558	120.005
1114	1113	96.17
690	1116	12.176
690	870	90.50999999999999
1117	1118	34.311
1117	1119	15.754999999999999
1117	1120	188.34900000000002
358	345	26.836
1121	1122	182.054
444	1123	143.12800000000001
444	357	26.894
1064	977	15.556
1064	1124	277.398
1064	1063	1186.559
1120	1117	188.349
1118	1117	34.311
1125	1126	45.126
1125	289	674.9200000000001
1125	1127	51.112
1128	1119	70.029
1119	1117	15.754999999999999
1119	1129	38.123
1130	587	50.191
1130	50	39.293000000000006
587	1131	173.16100000000003
587	1130	50.191
587	585	258.338
1132	1049	26.381
1133	1134	2017.492
1133	873	4133.7880000000005
1133	456	111.24499999999999
1077	1135	254.29700000000003
1077	1136	483.341
1077	977	1084.1309999999999
1103	1101	126.94400000000002
1103	1101	410.528
1103	1137	2597.0929999999994
1138	1139	425.717
1138	880	39.721000000000004
1138	1140	141.675
1141	701	89.517
1142	1143	2.492
1142	1144	68.766
1142	1145	140.055
1146	1147	12.578999999999999
1146	1148	33.535000000000004
1140	1138	141.67499999999998
1149	1150	110.125
1149	1151	82.881
1149	305	88.32000000000001
305	1152	35.359
305	1149	88.32
305	304	54.94499999999999
289	1125	674.92
289	763	111.923
289	116	1673.4380000000003
1041	1040	42.257
1041	1043	88.31
1041	1153	49.544000000000004
1153	1041	49.544000000000004
1154	1155	40.858999999999995
1154	1156	25.108999999999998
1157	1154	31.136000000000003
1157	1158	25.127
1159	1160	84.717
1161	1162	14.991
1161	1163	383.107
1164	1165	57.812
1164	1166	14.661999999999999
1162	1161	14.991
1162	759	63.04599999999999
852	850	15.504
852	1167	204.594
1166	1164	14.661999999999999
1166	1168	273.358
247	239	53.54900000000001
247	998	156.315
1124	1064	277.39799999999997
1049	1047	61.565
1049	1132	26.381
1049	1046	151.68200000000002
1169	1170	23.601
1169	1171	1540.2200000000003
1169	1172	45.68600000000001
106	1173	41.504000000000005
106	103	270.136
106	967	3006.807
858	856	184.51500000000001
1174	1175	401.25399999999996
1174	1176	38.896
1174	1177	106.071
1173	104	40.86
1173	106	41.504
1173	1178	191.997
104	1173	40.86
104	103	354.969
104	1179	5292.9569999999985
1180	713	125.01799999999999
1180	160	204.75400000000002
1180	1181	197.659
469	467	269.123
1182	1183	2061.9449999999997
1182	1184	972.5979999999998
1182	1185	1063.4969999999998
65	64	54.884
65	219	1811.5620000000004
65	1186	2416.091
707	206	253.071
707	706	57.022
707	1187	330.43399999999997
1188	1189	411.602
1	0	16.362
1	741	180.533
1	3	166.265
118	116	374.87600000000003
118	115	417.7629999999999
118	1190	258.98199999999997
1191	1192	1336.3999999999996
1193	1194	419.553
1193	1195	13.639
365	364	351.776
365	1195	26.749000000000002
365	1196	129.424
764	914	284.139
764	1197	1864.1999999999996
764	761	408.23199999999997
1198	1193	20.147000000000002
1199	1200	159.644
1201	1202	466.431
1201	1203	509.992
1201	713	183.835
1204	227	86.431
1204	1203	190.029
1204	1205	121.717
1206	1135	135.73999999999998
1207	1085	18.728
1207	1198	23.975
630	629	84.909
630	631	159.349
630	632	175.836
649	647	134.813
649	1208	1492.139
649	963	3451.8179999999993
286	128	159.425
286	279	305.87499999999994
286	1209	63.058
212	210	81.47
212	213	273.343
212	777	230.39900000000003
1210	1211	122.505
1210	1212	147.445
1210	283	219.99999999999997
283	1210	220.
283	1213	237.286
283	281	67.986
471	470	390.17699999999996
471	470	405.66700000000003
471	1078	407.588
1214	1215	123.536
1216	1217	20.073
1216	342	36.316
1217	1156	168.47399999999996
347	346	110.67199999999998
1218	1219	575.934
1220	1221	17.351
1220	1222	5.476
1220	1223	76.87599999999999
1171	1224	174.071
1171	1225	1177.383
1171	1169	1540.22
1226	1227	158.808
1226	1227	254.301
1226	1223	52.888
1079	1078	1604.5029999999997
213	212	273.343
213	210	363.67800000000005
213	1228	78.839
1229	1230	131.737
285	1231	172.26899999999998
285	1232	496.907
285	279	1008.3759999999999
1233	679	164.61500000000007
1203	1204	190.029
1203	1201	509.99199999999996
1203	778	61.748000000000005
1234	1216	75.42699999999999
879	1230	87.259
879	878	54.426
879	1235	140.704
1236	918	49.182
1236	1234	23.002000000000002
1237	452	589.016
1215	1238	75.249
1215	883	291.816
1215	1214	123.536
1200	883	77.893
1200	1230	96.953
1200	1199	159.644
1187	1239	35.318
1187	707	330.434
1187	1212	89.252
206	707	253.071
206	204	88.369
206	1239	45.472
1240	1241	81.835
713	1180	125.018
713	1201	183.835
713	708	116.435
1242	1243	42.621
1242	1243	26.41
1242	1244	65.518
1245	949	7.013
1245	1233	94.17599999999999
1223	1221	16.184
1223	1220	76.876
1223	1226	52.888000000000005
1235	879	140.704
1155	1246	26.750999999999998
1247	660	667.2139999999999
1227	1241	201.762
1227	1226	158.808
1227	1226	254.30100000000002
940	1248	2.435
940	511	163.336
940	623	154.77
1197	764	1864.2000000000003
1197	1249	541.9839999999998
1197	1250	229.132
510	508	90.594
510	623	12.548
510	1040	128.13899999999998
1230	879	87.259
1230	1200	96.953
1230	1229	131.73700000000002
1251	9	214.464
468	467	103.50800000000001
468	826	463.236
468	452	36.425
1107	1252	186.319
1107	1105	271.62899999999996
1107	1253	120.129
1254	725	286.42199999999997
1254	1255	117.35499999999999
1254	1252	38.675
632	630	175.836
632	625	219.65099999999998
632	629	198.05499999999998
914	764	284.139
914	762	74.037
914	913	2755.785
1252	1256	478.49299999999994
1252	1107	186.319
1252	1254	38.675
523	1257	94.863
523	1258	57.165
523	521	150.396
1239	1259	85.864
1239	206	45.472
1239	1187	35.318
1260	410	343.47399999999993
1255	1261	155.406
1255	1262	207.418
1255	1254	117.35499999999999
1179	1263	2766.8630000000003
1179	104	5292.957
149	521	198.212
149	1083	69.371
149	146	96.988
1262	1255	207.418
1261	1255	155.406
1264	1265	356.7610000000001
1029	1028	38.974
1029	1266	76.791
1029	337	50.582
1267	1155	70.438
1267	1154	62.84400000000001
1268	1259	52.714
1266	1029	76.791
1269	1270	38.187000000000005
1269	1196	109.518
1196	1271	43.404
1196	365	129.424
1196	1269	109.518
161	706	12.265
161	159	22.31
750	747	72.34299999999999
134	801	193.546
134	802	143.971
134	131	143.47199999999998
1256	1272	97.988
1256	1252	478.49299999999994
1256	1263	1884.8450000000005
1256	1273	354.658
1274	1259	71.129
1275	402	123.53600000000002
1276	1277	131.69299999999998
1276	1278	88.667
1276	1279	393.42
1280	1281	293.975
1280	1282	281.94700000000006
1280	1186	448.3040000000001
1194	1283	363.976
1194	1284	191.30700000000004
1194	1193	419.553
211	210	140.443
211	210	88.853
211	777	62.344
1285	1286	373.19
1285	765	39.794000000000004
1285	1287	302.937
1018	758	65.003
804	800	152.183
804	1288	51.428999999999995
804	1289	405.118
1288	803	72.001
1288	804	51.428999999999995
1288	1290	105.41299999999998
1291	1292	102.984
625	632	219.651
625	595	1243.817
625	566	87.08699999999999
803	1288	72.001
803	1293	94.78599999999999
803	800	141.23700000000002
641	651	100.531
641	1294	53.069
641	640	167.10199999999998
1294	641	53.069
1158	1295	176.03799999999998
1292	1296	184.716
1292	1291	102.984
1292	765	134.104
698	1052	68.379
698	325	116.31700000000001
698	1028	150.797
999	998	246.279
1297	441	14.479
1297	1298	74.36400000000002
1297	1295	140.41799999999998
1299	1300	28.605000000000004
1301	1302	58.266999999999996
1301	1303	50.269
1205	1204	121.717
1304	1305	65.251
1304	1306	266.39
1304	1307	1738.2839999999999
1308	704	30.061
1308	1309	24.251
1308	1310	14.565
1310	1311	26.308
1312	1313	3.495
452	468	36.425
452	915	1345.314
452	1237	589.016
452	451	1637.3790000000004
1189	1188	411.602
1189	983	1514.6619999999998
349	346	71.708
349	1312	37.469
1314	875	394.9889999999999
1315	1316	366.197
441	1297	14.479
441	440	22.555
441	1244	38.031
1317	1318	53.709
1319	994	13.074
440	441	22.555
440	1320	60.077
1259	1239	85.864
1259	1274	71.129
1259	1268	52.714
1259	1321	229.59699999999998
867	1317	91.619
867	606	85.84599999999999
1322	1151	183.637
1322	1323	215.58900000000003
1322	1324	190.336
1222	1220	5.476
1222	1316	15.868
1222	1325	225.97899999999998
1231	285	172.269
683	1158	55.19200000000001
683	1157	46.785999999999994
1326	1327	15.222
1326	1328	140.63500000000002
1326	1329	23.658
1320	1330	63.538999999999994
1320	1331	47.198
1320	440	60.077000000000005
1332	1331	6.501
1332	432	25.15
1333	1334	51.705
1333	1082	2717.0710000000004
1333	1335	701.553
631	1336	403.588
631	630	159.349
631	629	233.18500000000003
1337	929	1678.8100000000002
280	270	12.552
1325	1222	225.97899999999998
157	1338	481.06800000000004
1339	537	9.389
1339	439	50.958
537	1339	9.389
537	952	11.178
537	535	301.21199999999993
1340	1341	24.109
1340	1342	17.781000000000002
1340	1343	90.491
785	983	130.471
785	783	247.86599999999999
785	786	277.23300000000006
1344	771	12.207
1344	769	30.522
1221	1220	17.351
1221	1223	16.184
1221	1316	19.759
1127	1126	14.65
1127	1345	166.803
1127	1125	51.112
1143	1142	2.492
1345	1127	166.803
1126	1125	45.126
1126	1127	14.65
1126	703	1920.1310000000003
1316	1222	15.868
1316	1221	19.759
1316	1315	366.197
786	785	277.233
786	1346	1131.145
786	783	159.64000000000001
1241	1240	81.835
1241	984	1293.4979999999998
1241	1227	201.762
1241	1347	1544.7430000000002
1348	788	10.085
1348	638	141.86599999999999
1348	790	31.083
789	787	188.781
790	638	26.665
790	1348	31.083
790	787	35.573
788	787	22.016
788	1348	10.085
788	1349	392.379
1350	1050	13.997
1350	129	23.032000000000004
1305	1304	65.251
402	544	174.01599999999996
402	401	309.337
402	1275	123.536
480	1351	1.212
1352	191	422.31100000000004
1352	1353	17.363
1296	1292	184.71599999999998
1042	738	124.38700000000001
1354	1355	179.876
1355	1356	40.559
1355	1356	49.346000000000004
1355	1354	179.876
173	172	159.62
173	728	8.997
1357	1358	695.798
1359	1360	142.99
1359	83	72.204
1359	1361	153.209
1362	1363	724.315
1362	784	1582.2830000000001
1362	822	2714.196000000001
1249	1249	105.434
1249	1197	541.984
703	105	847.5210000000001
703	1126	1920.131
703	702	380.65500000000003
456	1364	161.693
456	1133	111.24499999999999
456	453	158.707
193	1353	410.67100000000005
193	191	18.936999999999998
1363	1365	415.003
1363	1366	360.033
1363	1362	724.3149999999999
1367	1368	163.109
1369	1170	373.80100000000004
643	602	82.374
643	500	88.54299999999999
643	498	142.494
1370	1365	6.99
1370	1371	203.009
1370	1358	427.50000000000006
1372	1373	65.573
1372	1374	194.75500000000002
1372	1374	220.101
415	1375	85.211
415	1376	187.26999999999998
415	398	417.84400000000005
1377	1378	648.634
1379	1380	220.162
2	0	113.931
2	1088	157.67499999999998
2	1381	189.61
542	419	82.934
542	1232	156.578
542	541	168.788
419	411	371.82699999999994
419	542	82.934
419	422	105.438
412	409	51.367000000000004
412	423	73.01199999999999
412	541	370.51399999999995
1378	594	109.87099999999998
1378	1382	128.442
1378	1377	648.6340000000001
413	420	164.36700000000002
413	409	95.59100000000001
413	1088	66.565
621	617	186.514
621	619	316.75100000000003
621	1383	2507.9460000000004
1371	1370	203.00900000000001
1371	1384	66.899
1371	1366	185.56099999999998
620	617	254.621
1384	1371	66.899
500	760	14.391
500	643	88.54299999999999
500	497	145.162
1385	1014	37.194
1385	1386	10.299000000000001
760	500	14.391
760	534	87.266
760	527	350.05100000000004
1387	675	303.89199999999994
1387	1388	6.6
534	760	87.266
534	714	6.134
534	499	176.026
871	1233	151.59199999999998
871	1318	89.12100000000001
1388	1015	21.697000000000003
1388	1389	13.358
1389	1146	35.086
715	714	82.067
715	253	201.357
715	733	133.403
1358	1357	695.7979999999999
1358	1390	2093.924
1358	1370	427.5
1391	1392	9.942
1391	1368	12.325000000000001
1338	1387	15.485999999999999
1393	278	44.839
1394	1395	126.64500000000001
1396	1397	12.028
1396	1398	90.554
1396	1399	26.335
1400	1401	138.565
1398	685	66.051
1402	1403	64.807
1402	1356	83.478
1402	733	254.59600000000003
1404	1399	40.687
1404	1398	35.646
311	309	54.327000000000005
1405	1145	64.888
1406	1026	92.997
1406	1407	3.675
1406	261	105.99999999999999
1144	1408	129.369
1144	1409	51.353
1144	1142	68.766
1410	396	118.50699999999999
1410	1411	1559.5710000000001
958	957	222.699
958	1306	117.52
958	1412	407.42699999999996
1413	1414	23.423
1413	829	463.91600000000005
1381	421	137.883
1381	1091	129.43
1381	2	189.61
1415	735	63.617
1415	1404	30.238
685	684	7.288
685	1415	72.66
1416	1417	141.411
202	1414	23.665
202	1413	23.655
1418	1417	39.543
1417	1416	141.411
1417	1418	39.543
1417	968	59.206
968	1417	59.206
968	966	864.659
968	1419	617.316
993	1420	2.867
993	1421	325.839
993	589	143.99999999999997
1422	487	54.882
1423	1424	120.29300000000002
1423	1425	75.90399999999998
1423	1426	106.049
1427	1281	91.10199999999999
1427	1428	63.184
1427	1429	43.584
1430	1431	45.256
1430	1281	127.193
1430	1327	110.12599999999999
745	744	444.574
1432	171	50.251000000000005
1327	1430	110.126
1327	1326	15.222
1426	1433	80.442
1426	1429	178.941
1434	1431	56.438
1435	1425	167.947
1435	1328	146.226
231	102	309.553
1328	1436	164.748
1328	1435	146.226
1328	1326	140.635
1437	143	99.92
1437	80	117.272
1437	1438	284.437
1439	1440	12.841999999999999
1441	1442	1776.449
1441	1439	21.782999999999998
241	1441	41.144
1390	1358	2093.924
1287	1285	302.93700000000007
1287	246	93.68799999999999
1243	1242	26.409999999999997
1443	1444	97.747
1445	1446	282.479
943	1087	195.04900000000004
943	1446	79.31099999999999
943	942	377.248
1004	1001	158.65300000000002
1447	918	145.289
1448	1003	199.697
1448	1449	127.467
1448	1450	93.265
1087	1086	60.311
1087	315	430.822
1087	943	195.04900000000004
1451	1452	8.094999999999999
1451	1453	149.794
1451	1454	27.575000000000003
316	313	202.29399999999998
1455	314	181.59099999999998
1456	1211	151.446
1456	1212	172.867
1456	1457	62.426
1458	1459	7.082
1458	91	94.94
282	1460	36.003
282	281	52.289
282	1461	175.41899999999998
615	1317	79.99700000000001
615	606	89.616
1462	1463	51.48
1462	1464	209.949
1462	1465	54.499
1465	1462	54.499
1460	282	36.003
1460	1211	42.551
1460	1466	171.827
1467	464	71.42800000000001
1213	283	237.28600000000003
404	401	245.743
1468	85	242.07200000000003
717	42	382.316
1469	1470	76.57499999999999
1471	1472	50.746
1471	1470	71.898
1471	1473	168.656
1192	1191	1336.3999999999999
1192	1250	233.747
1192	1474	94.72699999999999
1474	1192	94.72699999999999
1473	1475	52.92
1473	1470	184.219
1473	1471	168.656
1250	1192	233.747
1250	1197	229.132
1250	1476	184.37599999999998
1476	1250	184.376
1466	1461	33.585
1466	1460	171.827
1466	1477	78.655
997	996	147.77
997	1023	116.82500000000002
997	1478	284.868
1479	145	197.44799999999998
1479	1480	163.968
1479	1279	128.008
1481	1482	241.42000000000002
1482	1483	23.097
1482	1484	2049.947
1482	1481	241.42000000000002
460	1092	1.85
460	459	334.76699999999994
1485	672	219.618
1485	1486	69.376
1485	1487	133.266
1488	1202	402.024
1489	1490	94.997
1491	1492	97.933
768	1493	249.56700000000006
768	835	110.16
768	767	79.35900000000001
1211	1210	122.505
1211	1456	151.446
1211	1460	42.551
1461	1494	17.984
1461	1466	33.585
1461	282	175.41899999999998
1136	1077	483.341
1495	1177	253.286
1496	1497	374.50399999999996
1454	1498	41.968
1454	1499	99.565
1454	1451	27.575000000000003
1112	1111	12.564
1112	1114	114.89
1112	559	124.233
1116	690	12.176
1116	1113	116.255
1116	1112	92.306
1500	1501	126.374
496	1502	9.891
496	495	11.568
496	560	95.726
1503	937	158.09900000000002
1503	355	321.966
1503	1376	69.31099999999999
704	380	74.599
704	1310	29.565
704	1308	30.061
725	512	134.52100000000002
725	148	61.263
725	1254	286.422
1504	1505	7.72
1085	1272	397.816
1085	1083	170.51200000000003
1085	1207	18.728
414	1506	53.677
414	398	139.478
414	1507	105.60499999999999
1508	709	16.891
1508	1509	29.132
1510	1511	73.874
1512	1513	176.565
388	385	120.174
1514	1513	1.514
1514	1515	123.795
1514	1516	153.296
1501	1517	68.574
1501	1376	137.428
1501	1500	126.374
839	1518	13.181
839	1519	140.996
1520	1521	86.851
1522	1062	169.672
778	1523	107.07499999999999
778	777	179.341
778	1203	61.748000000000005
1524	1525	121.96
1524	825	307.754
1524	1526	184.613
1524	1516	96.346
1523	778	107.07499999999999
1527	832	72.577
1527	834	57.176
1527	476	11.258000000000001
1528	1150	26.818
1528	1529	29.881999999999998
1528	1530	71.251
1531	1532	62.219
1531	1521	126.532
1531	709	148.02700000000002
1521	1504	191.851
825	819	131.095
825	1061	97.036
825	1524	307.754
825	1533	523.038
1534	148	74.63499999999999
475	474	48.996
889	295	9.521
889	1535	218.476
1536	1537	112.62899999999999
1536	1538	89.934
1536	1539	86.562
1536	362	95.062
709	1508	16.891
709	1504	33.42100000000001
709	1531	148.027
709	700	83.
1202	1488	402.02400000000006
1202	1457	375.681
1202	1201	466.43100000000004
842	1540	2.624
842	1541	213.609
842	840	86.748
1540	842	2.624
1540	843	88.507
1540	1542	266.106
1543	1519	74.719
1543	1544	223.07599999999996
1526	1061	347.985
1526	328	113.868
1526	1524	184.613
1526	1309	198.91199999999998
1545	1546	1388.474
746	744	233.42200000000003
746	1547	4166.278999999999
746	1548	232.81400000000002
120	119	3.315
120	935	236.197
120	1323	752.813
1549	1550	80.239
1551	1518	146.45299999999997
1548	746	232.81400000000002
232	880	48.149
232	276	248.44599999999997
232	102	150.24
1552	701	461.281
1062	1060	199.49
1062	1522	169.672
1062	1553	37.499
873	872	19.014
873	1133	4133.7880000000005
873	1005	64.259
964	1554	22.335
964	963	35.32
964	1555	26.317999999999998
1212	1210	147.445
1212	1456	172.867
1212	1187	89.252
1556	1334	31.793
1556	1099	496.904
1556	1557	31.797
1323	1558	94.948
1323	1322	215.589
1323	120	752.813
1323	1559	462.68999999999994
1061	825	97.036
1061	1060	65.52799999999999
1061	1526	347.985
1309	1308	24.251
1309	1560	307.344
1309	1526	198.91199999999998
355	353	84.803
355	1503	321.966
355	1561	270.65200000000004
637	636	212.69800000000004
1544	1550	83.695
1544	1562	310.97499999999997
1562	1520	83.53399999999999
141	139	331.7
1429	1427	43.584
1272	1256	97.988
1272	1085	397.816
1272	1563	433.351
1564	1497	83.08999999999999
354	94	78.267
354	1561	65.367
354	353	243.89600000000002
1563	1283	119.029
1563	1272	433.351
1563	1565	45.417
94	1566	66.108
94	354	78.267
94	93	51.779
248	245	1772.88
248	1024	3625.605000000001
1567	553	1791.005
1567	1568	219.87099999999998
1567	1569	558.837
1376	1501	137.428
1376	415	187.26999999999998
1376	1503	69.31099999999999
1311	1309	25.798
1311	328	198.698
1561	354	65.367
1561	934	47.344
1561	355	270.652
96	1506	49.632
96	1570	48.716
96	93	73.143
1497	1496	374.504
1497	1564	83.08999999999999
1497	122	104.321
122	119	156.797
122	1571	1262.9130000000002
122	1497	104.321
1550	1544	83.695
1550	1515	63.203
1519	1543	74.719
1519	1525	49.216
1505	1509	31.553
1505	1508	20.233
1477	1572	11.929
1477	1466	78.655
1477	1457	188.522
1532	1520	142.929
1532	1531	62.219
1532	1573	55.120999999999995
737	736	614.3209999999999
1574	1575	108.53399999999999
1574	686	120.22999999999998
1515	1514	123.795
1515	1562	260.55
1570	96	48.716
1572	1477	11.929
1525	1524	121.96
1525	1549	89.189
1576	1577	37.299
1576	1578	11.449
771	1576	3.51
1578	1385	1.329
1457	1456	62.426
1457	1202	375.68100000000004
1457	1477	188.522
1075	546	203.487
1392	1338	6.718
114	1579	218.21599999999998
114	960	133.88500000000002
114	111	31.244
962	1128	95.033
962	1580	62.34100000000001
1581	1547	811.249
1579	114	218.216
1579	1582	44.968999999999994
1129	1583	11.862
1583	1579	45.663
1583	1582	11.802000000000001
1584	1585	101.485
1586	1175	38.394
1349	788	392.37899999999996
1587	1588	4254.670999999999
1587	1588	1444.6000000000004
1587	1478	230.27300000000002
1364	456	161.693
1364	455	148.182
1364	1102	1836.579
1589	1089	107.85499999999999
1302	1342	153.55100000000002
1397	1396	12.028
1397	1590	92.40400000000001
1591	1592	24.429
1591	1593	28.047
1591	1594	35.684
1399	1396	26.335
1399	735	59.361
1595	1596	92.391
1277	1597	81.934
1277	1598	75.37400000000001
1277	1276	131.693
724	1105	11.952
724	512	58.61399999999999
724	1040	78.545
1027	1025	158.409
1341	1340	24.109
253	715	201.357
253	499	80.484
253	250	421.38599999999997
1599	1600	306.531
1599	1278	83.681
1599	1601	83.838
318	1025	101.287
318	317	96.868
318	252	85.315
1407	1406	3.675
1407	955	216.411
1407	1403	62.836
1602	1603	105.52199999999999
1602	1604	54.521
1602	1605	2375.1659999999997
1601	177	194.125
1601	176	116.872
1601	1599	83.838
1606	1607	113.877
1606	58	129.15800000000002
1606	135	105.209
1608	1609	183.71099999999998
1609	849	99.818
1609	1139	6.293
1609	1608	183.711
1604	1602	54.520999999999994
1604	1610	87.878
1604	1610	186.816
171	278	130.408
171	170	130.82
171	1432	50.251000000000005
278	1393	44.839
278	276	107.358
278	171	130.40800000000002
491	490	173.744
1571	1484	1314.2800000000002
1571	122	1262.913
1571	1611	752.8359999999999
1278	1276	88.667
1278	1599	83.681
1278	1279	454.27099999999996
1279	1276	393.42
1279	1479	128.008
1279	1278	454.27099999999996
492	1612	86.78699999999999
492	1080	206.6
492	490	98.206
1080	1612	199.88899999999998
1080	1078	750.0790000000001
1080	492	206.60000000000002
1613	1612	73.036
1614	1615	152.19299999999998
1614	1616	25.48
1614	1617	44.628
1618	1619	261.053
1620	1621	149.437
1621	1622	154.372
1621	1620	149.437
1621	543	168.75300000000001
1623	1624	116.569
1623	1625	105.1
1623	1619	200.07299999999998
1607	1606	113.877
1626	1627	146.816
1626	1628	9.707999999999998
1629	135	96.881
1108	288	230.13100000000003
1630	1360	259.653
1631	1632	22.044
1631	1633	26.658
1634	1464	727.8459999999999
1634	1464	116.909
1634	1002	120.657
1582	1635	9.020999999999999
1603	1483	231.791
1603	1588	1452.9719999999998
1603	1602	105.52199999999999
1624	1623	116.569
1002	1636	273.938
1002	1001	328.61199999999997
1002	1634	120.657
1612	1080	199.889
1612	492	86.78699999999999
1612	1613	73.036
1637	438	1040.95
1637	1638	332.839
1639	600	460.85600000000005
1464	1462	209.949
1464	1634	116.909
1464	1634	727.8459999999999
1640	58	107.413
135	1629	96.881
135	1606	105.209
135	132	953.033
611	738	389.51800000000003
611	599	110.826
611	1625	71.101
1625	1623	105.1
1625	611	71.101
1625	314	1670.2649999999999
1641	1283	170.288
314	313	94.329
314	1625	1670.265
314	1455	181.59099999999998
85	82	142.465
85	1468	242.072
85	1642	255.234
1643	925	184.167
1643	928	90.51599999999999
1643	1644	203.953
926	927	47.472
926	928	32.679
926	924	245.74800000000002
928	926	32.678999999999995
928	1643	90.51599999999999
928	927	47.443
1645	1646	77.70500000000001
1645	268	121.41300000000001
1645	955	13.992
1647	1642	92.517
1647	1648	124.837
1647	1649	23.487
1498	1454	41.968
1498	1650	21.773
227	1204	86.431
227	1651	506.10999999999996
227	224	145.837
1395	1652	2.696
1395	1653	186.985
1395	1394	126.64500000000001
1651	1201	129.449
1651	227	506.11
1651	1181	21.490000000000002
1452	1498	24.366
1452	1451	8.094999999999999
607	616	2.207
607	610	92.49199999999999
1654	1321	151.353
1654	1655	105.721
1648	1647	124.837
1147	1391	2.6
1228	1656	66.00800000000001
1228	213	78.839
1657	225	26.83
1657	1656	18.02
1657	1228	57.861
1656	1657	18.02
1656	989	4514.515999999998
1649	1647	23.487
1575	1596	2.483
1575	1658	91.87899999999999
1659	1175	119.497
1175	1659	119.497
1175	1586	38.394
1175	1174	401.25399999999996
1642	1647	92.517
1642	84	152.726
1642	85	255.234
23	22	93.322
23	51	90.06
484	481	138.38199999999998
51	613	41.95700000000001
1444	1443	97.747
1444	680	106.47500000000001
605	1444	102.02900000000001
605	614	55.976
1660	1661	60.288
1334	1556	31.793
1334	1557	27.027
1334	1333	51.705
1557	1334	27.026999999999997
1557	1219	964.2330000000001
1557	1556	31.797
1662	1663	75.219
1662	1664	186.578
1662	1665	102.30999999999999
1666	1667	101.679
1655	1654	105.72100000000002
1003	1001	80.749
1003	782	85.73
1003	1448	199.697
1449	1448	127.467
1668	1663	113.455
1669	1670	454.1959999999999
1671	1665	33.535
1672	1673	12.863
1672	130	41.152
655	734	57.91
655	1674	234.91
655	654	255.76800000000003
918	1236	49.182
918	1447	145.289
918	916	240.72499999999997
1675	1664	65.947
1674	982	108.08500000000001
1674	984	118.548
1674	655	234.91
1676	1677	11.349
1676	1678	25.018
1661	1679	100.41999999999999
1661	1663	87.297
1661	1660	60.288
1680	1681	899.5840000000001
1678	1076	3.525
1678	1677	25.316
1663	1661	87.297
1663	1662	75.21900000000001
1663	1668	113.455
1248	940	2.435
1248	1682	27.313
854	321	82.53200000000001
854	1628	85.18099999999998
1343	854	163.75099999999998
1343	1340	90.491
1343	1683	124.309
1450	1679	180.169
1450	1448	93.265
1450	1665	226.115
1684	695	197.83
583	577	60.032
1665	1662	102.30999999999999
1665	1450	226.115
1665	1671	33.535
454	453	26.952
1558	1323	94.948
1558	66	506.7099999999999
1558	1685	152.185
455	1364	148.182
455	453	206.563
455	929	2939.402
1686	234	293.81300000000005
130	1673	41.042
130	123	602.755
1687	1248	28.454
1687	1682	11.664
682	681	34.124
274	272	44.373999999999995
274	1590	153.37399999999997
1688	1689	409.569
1688	1690	36.900999999999996
1181	1691	113.43900000000001
1181	1651	21.490000000000002
1181	1180	197.659
759	527	377.667
759	1161	62.150999999999996
1691	1181	113.439
740	739	94.544
600	1639	460.8560000000001
600	502	104.191
600	603	133.245
1685	1558	152.185
712	1692	252.90900000000002
712	1693	418.644
712	711	338.51800000000003
848	1694	148.552
848	847	167.181
848	1695	111.60999999999999
1694	848	148.55200000000002
1696	1697	11.733
1696	1689	33.083
1689	1688	409.569
1689	1697	32.166
762	761	22.411
762	914	74.037
762	763	28.337
1698	1699	91.31199999999998
1698	1700	596.1360000000001
1698	1109	125.092
1331	1332	6.501
1331	1330	28.79
1331	1320	47.198
1701	1702	14.262
1701	1176	39.633
433	906	290.859
433	678	282.059
433	430	99.007
1703	1704	36.675999999999995
1703	1705	375.81600000000003
431	430	148.662
1706	1707	107.05
1708	1270	12.745
1708	1269	39.290000000000006
1699	1698	91.312
1709	1710	395.372
1695	848	111.61000000000001
1711	1712	1381.8600000000001
1711	1713	316.59999999999997
1692	712	252.90900000000002
1692	1714	271.033
1692	1693	324.30600000000004
1493	768	249.56699999999998
143	142	104.424
143	222	2.968
143	1437	99.92
1715	1263	1997.7889999999998
1263	1179	2766.863
1263	1256	1884.8449999999996
1263	1715	1997.7890000000004
1716	1717	13.004
1716	1265	29.68
1718	1719	7.843
58	1640	107.413
58	55	177.108
58	1606	129.158
1693	1692	324.30600000000004
1693	1347	190.777
1693	712	418.64399999999995
1720	1721	12.748
1720	1722	37.403
331	330	46.16
331	332	212.674
331	1627	62.00300000000001
1723	1724	85.065
1723	1725	289.447
1723	591	155.27300000000002
1724	1723	85.065
1722	1721	37.028
1722	1726	126.339
1727	1728	261.972
1727	1729	328.173
1727	57	1208.478
108	792	99.09700000000001
108	99	55.687
108	791	118.059
121	915	165.69
121	119	249.72
121	1730	555.297
1731	1728	333.16700000000003
332	293	32.235
332	330	184.85700000000003
332	331	212.67399999999998
1732	1733	143.553
1732	1734	174.593
1732	982	52.504999999999995
1733	1732	143.553
982	1674	108.08500000000001
982	1732	52.504999999999995
982	981	151.964
185	183	6.602
185	1421	148.96899999999997
185	589	315.91600000000005
1735	1411	581.872
1736	92	1723.572
92	90	451.20699999999994
92	563	638.461
92	1736	1723.5720000000001
92	77	289.7440000000001
532	695	129.55399999999997
532	515	545.962
532	1670	1972.8250000000003
695	1684	197.83
695	568	1439.884
695	532	129.554
550	549	124.159
1737	1484	583.852
1737	1559	1058.598
1737	1738	258.137
258	255	687.117
75	1739	89.93
75	531	164.346
75	72	714.077
1740	1559	238.02800000000002
530	965	188.923
530	446	68.54
530	531	424.43699999999995
1440	1287	98.244
1440	246	21.753
1738	1737	258.137
1148	729	96.16700000000002
1148	1147	34.801
1559	1737	1058.598
1559	1323	462.69
1559	1740	238.02800000000002
1741	595	548.6410000000001
1742	1730	41.313
1742	1507	20.750999999999998
1743	937	290.718
1082	1333	2717.0710000000004
1082	666	545.048
1082	1219	2290.214
1506	414	53.677
1506	96	49.632
1506	399	54.071
929	455	2939.4019999999987
929	927	158.59900000000002
929	1337	1678.8100000000004
400	397	70.711
374	1383	6402.701999999998
374	367	34.93300000000001
368	363	14.104
368	1726	32.732
1744	1745	8.437000000000001
1593	1591	28.047
1593	1592	19.848
1593	1746	18.425
1681	1680	899.584
1681	1747	677.09
1681	893	459.95199999999994
1746	1593	18.425
1746	1748	16.368000000000002
937	1503	158.099
937	722	157.20299999999997
937	1743	290.718
1749	1284	6.303
1749	1750	64.386
1749	941	51.304
941	378	376.9789999999999
941	1749	51.304
941	1284	51.507000000000005
300	298	11.498999999999999
1375	1509	88.14699999999999
1375	415	85.211
1375	1751	172.669
1517	1752	52.698
1517	1501	68.574
1517	1753	99.867
1754	1755	453.37300000000005
1753	1517	99.867
965	403	496.002
965	963	121.135
965	530	188.92300000000003
1739	75	89.93
1756	310	57.651
1756	312	79.871
1756	1757	30.163999999999998
1748	11	26.004
1748	1592	8.976
1748	1746	16.368000000000002
1592	1748	8.976
1592	1591	24.429
1592	1593	19.848
591	1758	54.711
591	590	104.408
591	1723	155.27300000000002
1759	54	37.459
1759	1421	222.70399999999998
1759	182	25.206
1725	1723	289.447
1760	1761	72.057
1760	1762	49.728
797	795	2108.4809999999998
797	1005	1793.8719999999998
797	978	3736.2830000000004
797	838	245.67700000000002
1763	1762	13.684000000000001
1763	1760	50.489000000000004
182	180	153.856
182	54	32.221000000000004
182	1759	25.206
465	464	17.181
465	474	42.623999999999995
465	463	8.539
1368	1367	163.109
1368	1392	13.424000000000001
1764	1765	59.253
1764	1022	36.57299999999999
1762	1766	8.974
595	584	2613.336
595	625	1243.817
595	1741	548.641
493	1767	93.747
493	1412	2761.4190000000003
493	490	173.63
1036	1035	52.932
1036	1768	74.051
1036	1769	48.916000000000004
1036	1770	70.127
1768	1036	74.051
1037	1035	90.353
1771	679	88.43299999999999
1772	1773	26.593
1772	1719	96.713
1772	1774	93.139
1774	1772	93.139
1775	1776	158.58300000000003
1084	1083	135.87500000000003
660	646	249.691
660	1247	667.2139999999999
660	1710	413.553
1777	1778	2.751
1777	1779	126.61800000000002
1780	1779	6.87
1780	1781	89.20599999999999
1780	1777	213.40300000000005
396	1410	118.50699999999999
396	393	2313.4770000000003
396	1782	948.4780000000001
1611	1571	752.836
1783	112	73.466
112	1784	6.418
112	1783	73.466
112	109	179.247
1784	112	6.418
720	719	103.008
720	719	204.92000000000002
720	731	33.683
1785	1786	108.824
1787	1788	87.432
1786	1788	93.587
1786	1789	60.149
1786	1785	108.82399999999998
1788	1790	294.662
1788	1786	93.58699999999999
1788	1787	87.432
482	481	111.118
482	836	130.79
482	1791	94.613
1330	945	69.579
743	1792	84.068
743	742	112.359
743	1793	111.509
1554	1794	54.196
1554	964	22.335
1554	1555	25.012
1792	743	84.068
755	753	835.887
755	1795	1669.3
755	1110	1617.3639999999998
249	1458	186.451
249	245	413.206
38	35	179.327
1511	1510	73.874
1511	1796	200.635
1511	1797	258.486
1798	1799	85.66
1800	1801	3098.801
1802	341	90.56400000000001
1802	1626	76.82000000000001
1679	782	12.627
1679	1661	100.41999999999999
1679	1450	180.169
1286	1289	326.3040000000001
1286	1285	373.18999999999994
1286	815	316.46700000000004
1803	1769	84.876
782	1679	12.627
782	1003	85.73
782	781	99.766
1804	1805	102.62
1490	1489	94.997
1490	1492	33.162
1490	1806	169.927
1807	1012	277.794
1769	1808	101.90700000000001
1769	1803	84.876
1769	1036	48.916
296	306	21.92
296	322	18.786
344	343	163.32299999999998
1809	1810	99.34700000000001
254	243	48.41499999999999
254	1425	374.529
1428	1282	10.12
1428	1427	63.184000000000005
1428	1424	109.131
1811	1799	84.274
1811	1812	3.275
1811	1813	228.58299999999997
1814	1815	68.895
1814	40	43.318
1814	1816	108.944
1714	1817	911.155
1714	1347	598.158
1714	1692	271.033
1307	1818	127.348
1307	29	124.215
1307	1304	1738.2840000000003
40	646	2083.4180000000006
40	1814	43.318
40	1819	868.3850000000001
40	39	2678.4799999999996
234	1686	293.81300000000005
234	753	229.18900000000002
234	200	161.655
1412	493	2761.4190000000003
1412	954	1595.3580000000002
1412	958	407.42699999999996
1820	1821	31.4
1425	1423	75.904
1425	254	374.52900000000005
1425	1435	167.947
1424	1423	120.293
1424	1428	109.13099999999999
1424	1282	131.983
766	277	241.53699999999998
766	1822	822.281
766	1035	57.19
1808	1769	101.907
1823	1824	297.273
1823	652	267.409
1823	1825	67.302
1818	1307	127.34799999999998
1818	29	244.372
1818	553	225.651
1750	1749	64.38600000000001
1750	1284	64.364
1750	1568	975.8530000000001
473	470	688.963
473	1826	1385.7000000000003
473	1827	226.828
1533	1401	37.255
1533	1573	305.849
1533	825	523.038
177	1601	194.125
177	1828	58.202
177	175	415.014
1597	1277	81.934
1597	1542	188.962
1597	176	223.04399999999998
679	1771	88.43299999999999
679	678	50.188
438	1829	29.605
438	434	30.02
438	1637	1040.95
1828	177	58.202
17	14	187.815
17	1830	119.249
17	1598	168.14300000000003
949	1245	7.013
949	947	174.57
949	1831	96.946
843	1540	88.507
843	840	173.62599999999998
843	176	117.765
1829	438	29.605
1832	653	4.329
1832	662	3.99
1832	1833	291.08500000000004
883	877	343.94199999999995
883	1215	291.81600000000003
883	1200	77.893
880	878	118.941
880	1138	39.721000000000004
880	232	48.149
1819	40	868.385
1710	138	226.27800000000002
1710	1709	395.372
1710	660	413.55300000000005
176	175	100.334
176	843	117.765
176	1601	116.872
176	1597	223.04399999999998
944	302	96.725
1834	1815	115.522
1815	1814	68.895
1815	1834	115.522
1815	1835	191.479
1835	1815	191.47899999999998
1835	1636	125.771
1835	1636	514.4999999999999
138	136	54.855
138	1710	226.278
138	1836	104.89800000000001
1542	1597	188.962
1542	1837	115.44300000000001
1542	1540	266.106
1542	1838	93.851
754	847	460.651
754	753	40.141999999999996
754	980	164.102
1824	1541	39.603
1824	1823	297.27299999999997
1824	1836	114.56099999999999
1541	1824	39.603
1541	652	75.401
1541	842	213.60899999999998
47	461	6.533
47	45	292.28100000000006
47	860	400.2300000000001
652	1541	75.401
652	651	72.842
652	1823	267.409
1839	1830	13.272
1839	1837	101.46
1839	663	143.197
1840	1553	70.227
1795	1841	976.6940000000001
1795	755	1669.3
1795	1184	799.968
553	545	1640.0099999999995
553	1818	225.651
553	1567	1791.005
29	26	3448.508
29	1818	244.37199999999999
29	1307	124.21499999999999
326	1776	176.44100000000003
326	100	228.933
326	1842	162.07899999999998
1761	1776	49.263999999999996
1761	1760	72.05700000000002
1761	1843	229.691
1837	1839	101.46
1837	1542	115.443
1837	1844	112.455
1776	1775	158.583
1776	326	176.44099999999997
1776	1761	49.263999999999996
19	18	81.006
1845	1208	471.44900000000007
1845	1099	311.683
1845	1846	137.057
1833	1832	291.08500000000004
1833	659	125.721
1833	1847	68.291
815	817	66.607
815	1286	316.4669999999999
815	814	217.35899999999998
1846	1845	137.05700000000002
1553	1560	41.27
1553	1840	70.227
1553	1062	37.499
1109	1848	391.2290000000001
1109	865	1016.4580000000003
1109	1698	125.092
817	811	215.046
817	813	95.309
817	815	66.607
1099	1845	311.683
1099	1556	496.904
1099	1097	155.277
1849	1712	251.856
335	303	59.477
813	1289	109.96
813	817	95.309
813	810	239.356
1636	1835	125.77099999999999
1636	1835	514.5
1636	1002	273.938
1848	1850	1601.973
1848	1109	391.2289999999999
1848	1851	204.004
1282	1428	10.12
1282	1424	131.983
1282	1280	281.94700000000006
50	49	4.026
50	1130	39.293
50	46	76.726
1356	1402	83.478
1356	1355	40.559
1356	1355	49.346000000000004
1852	1853	98.532
1852	1825	44.485
1852	1854	135.899
1851	1848	204.004
1855	1856	455.016
1855	1857	169.012
1855	1854	68.706
1858	1859	56.73
1858	1860	10.813
1664	1360	2.811
1664	1662	186.578
1664	1675	65.947
1360	1664	2.811
1360	1630	259.653
1360	1359	142.99
1825	1852	44.485
1825	1861	85.867
1825	1847	184.04400000000004
1825	1823	67.302
659	167	3.538
659	1833	125.721
659	658	146.80700000000002
1094	352	117.598
1094	1094	52.443
1862	1560	56.754
1863	349	38.471000000000004
1863	1312	16.815
863	1864	53.462999999999994
1865	860	219.232
1865	863	16.438
1560	1553	41.27
1560	1862	56.754
1560	1309	307.344
1281	1427	91.102
1281	1280	293.975
1281	1186	534.409
1281	1430	127.193
915	826	851.9769999999999
915	121	165.68999999999997
915	452	1345.3139999999999
1284	1749	6.303
1284	1194	191.307
1284	941	51.507
1284	1750	64.364
701	1141	89.517
701	1401	210.142
701	645	132.391
701	1552	461.281
1076	1678	3.525
1076	1047	3100.1330000000007
1076	1137	73.126
1702	1696	4.7379999999999995
1866	1867	14.489999999999998
1866	1868	32.165
1704	1701	5.319
1868	1867	29.699
1868	1821	184.625
225	1657	26.83
225	1869	156.095
225	224	277.77399999999994
1705	1870	37.175000000000004
1705	1703	375.81600000000003
1185	1182	1063.497
1185	1871	267.947
1185	1872	282.616
1186	65	2416.0909999999994
1186	1281	534.409
1186	1280	448.304
1870	1708	5.2940000000000005
1265	1264	356.761
1265	1717	27.126
395	564	6.681
395	563	198.379
395	393	4451.030000000002
160	159	107.271
160	168	113.977
160	1180	204.754
1860	1873	8.264999999999999
1336	631	403.58799999999997
1700	1874	41.286
1700	1875	14.584
1700	1698	596.136
168	162	110.116
168	205	97.64099999999999
168	160	113.977
1875	1874	206.331
1875	1700	14.584
1351	1164	271.29200000000003
1351	1168	21.396
1168	1755	8.960999999999999
1871	1876	111.524
1871	1185	267.947
1871	1841	181.209
1755	1352	2.376
1755	1754	453.37299999999993
1758	591	54.711
1758	383	466.4030000000001
1874	1700	41.286
1816	1814	108.944
1353	1877	8.781
1841	1876	137.411
1841	1871	181.209
1841	1795	976.6940000000001
1876	1841	137.411
1876	1871	111.524
1876	1872	108.72399999999999
663	661	25.265
663	990	81.045
663	1839	143.197
1598	1438	60.47
1598	17	168.14300000000003
1598	1277	75.374
693	1030	104.937
693	337	229.451
693	691	102.018
337	693	229.451
337	1029	50.582
337	336	55.565
1830	1839	13.272
1830	1878	63.887
1830	17	119.249
1879	1863	3.105
1622	1621	154.372
1313	1880	41.785000000000004
1313	1300	9.883000000000001
144	1438	95.034
144	145	155.037
144	142	184.883
1881	1882	80.536
1438	144	95.034
1438	1437	284.437
1438	1598	60.47
1883	1882	194.132
991	990	42.122
991	624	64.322
991	989	56.465
1729	1727	328.173
1884	1346	169.26299999999998
1885	1638	272.698
1484	1737	583.852
1484	1571	1314.28
1484	1886	817.13
1484	1482	2049.947
1887	1565	145.3
1822	766	822.2810000000003
1822	1888	603.0439999999999
1822	1889	78.322
1890	1891	19.901
1890	1892	23.497
1890	1893	108.464
1894	1442	23.72
1894	1439	1781.111
1346	1884	169.263
1346	786	1131.145
1346	1895	171.258
1683	1343	124.309
1638	1885	272.698
1638	1637	332.839
1638	1895	158.334
384	416	65.64
384	418	24.384999999999998
793	310	281.673
793	794	35.115
793	791	15.554
1123	460	5.957
209	1896	5.48
1093	1897	3.523
1897	193	80.849
1897	209	25.346000000000004
310	309	85.717
310	1756	57.651
310	793	281.673
1842	326	162.07899999999998
1842	1898	217.97400000000002
107	794	37.293000000000006
107	99	101.288
107	110	197.39200000000002
1896	208	22.151999999999997
1896	1123	23.409000000000006
110	107	197.39199999999997
110	109	451.44899999999996
110	1757	80.406
410	1260	343.474
410	299	86.637
410	409	121.244
1899	1889	219.207
1366	1371	185.561
1366	1363	360.033
1366	1365	96.116
1365	1370	6.99
1365	1363	415.003
1365	1366	96.116
831	807	54.19
1900	1472	179.923
1900	1901	97.511
1900	1902	426.896
126	125	17.205
126	1480	513.582
126	153	95.938
1539	1536	86.562
1411	1410	1559.5710000000001
1411	1712	146.076
1411	1735	581.872
60	8	105.361
1903	1789	123.49200000000002
1904	1139	150.473
1905	1906	74.096
73	36	187.36599999999999
1831	949	96.94599999999998
1906	1789	54.03
1906	1907	135.61700000000002
1906	1905	74.096
1789	1908	114.789
1789	1786	60.149
1789	1906	54.03
1789	1903	123.492
1909	1910	127.656
1160	1159	84.717
1160	1805	139.90900000000002
1160	1492	103.376
256	127	35.696
256	269	122.946
1911	1912	33.268
1908	1913	244.421
1908	1789	114.789
1908	1914	229.21599999999998
1401	1400	138.565
1401	1533	37.255
1401	701	210.14200000000002
775	923	6.138
775	911	16.687
1573	1532	55.120999999999995
1573	1533	305.849
1573	1513	257.899
1915	1912	69.261
1915	1916	108.75
1915	1917	156.09799999999998
20	18	82.22899999999998
1918	1919	311.884
1918	1919	431.753
1918	1920	727.8560000000001
1918	1547	3205.6080000000006
1190	118	258.98199999999997
271	269	12.066
1921	1922	21.971
1921	892	2079.5429999999997
1921	1923	375.74199999999996
823	1924	67.747
823	1925	83.069
823	820	243.28
1843	461	236.43599999999998
1843	462	109.296
1843	100	216.22500000000002
1843	1761	229.69100000000003
821	1373	171.921
821	820	161.613
821	1925	177.587
1925	823	83.069
1925	1926	123.038
1925	821	177.587
205	207	63.116
205	169	108.387
205	168	97.64099999999999
207	205	63.116
207	204	104.613
207	1321	86.273
390	387	158.937
1321	1654	151.353
1321	1259	229.59699999999998
1321	207	86.273
1927	1166	226.404
1927	1928	20.664
1135	199	2075.763
1135	1077	254.29700000000003
1135	1605	3302.081000000001
1135	1206	135.74
1928	961	30.868000000000002
70	1929	110.069
70	61	106.439
70	62	116.39099999999999
70	69	99.11500000000001
1225	1930	1796.8930000000003
1225	1171	1177.3829999999998
1225	1208	4377.822
1518	839	13.181
1518	1551	146.453
1518	1543	158.738
1805	389	41.699
1805	1804	102.62
1805	1160	139.909
1805	1931	110.506
1224	1901	2031.6580000000001
1224	1171	174.07099999999997
1932	1924	68.963
1588	1587	4254.671
1588	1587	1444.6
1588	1603	1452.972
1475	1473	52.92
1475	1930	217.12900000000002
1475	1472	189.652
1930	1475	217.12900000000002
1930	1225	1796.893
1930	718	3858.576
1167	1894	31.074000000000005
705	380	313.526
1283	1641	170.288
1283	1563	119.029
1283	1194	363.976
1933	1891	50.808
1933	1934	128.55
1933	1935	120.745
291	850	205.333
291	1167	18.714
1924	823	67.747
1924	1932	68.963
1924	1806	248.755
1902	1900	426.89599999999996
1902	1934	183.759
1902	1892	102.083
1934	1902	183.759
1934	1801	68.683
1934	1933	128.54999999999998
1565	1273	177.389
1565	1273	168.169
1565	1563	45.417
1565	1887	145.29999999999998
1922	1921	21.971
1922	1374	205.065
1922	1936	327.40100000000007
1373	1372	65.573
1373	1936	67.283
1373	821	171.921
676	674	4.077
1568	1937	575.5759999999999
1568	1750	975.8530000000001
1568	1567	219.871
1478	1546	335.904
1478	997	284.868
1478	1587	230.273
1478	1023	353.75600000000003
1183	1923	4.266
1183	1182	2061.9450000000006
1183	1931	112.406
1577	1578	37.278
1577	1667	44.196
1038	1035	71.719
1806	1924	248.755
1806	386	143.40800000000002
1806	1380	123.123
1806	1490	169.927
1014	677	76.25200000000001
1014	1386	37.349999999999994
1151	1149	82.88100000000001
1151	1322	183.637
1151	1938	101.429
1939	1184	862.505
1940	1941	27.035
1801	1934	68.68299999999999
1801	1919	193.81599999999997
1801	1800	3098.801
1232	542	156.57799999999997
1232	285	496.907
1232	543	165.52599999999998
1941	1940	27.035
1941	1942	7.941
1941	1827	559.912
1938	1151	101.429
1920	1918	727.856
1920	1943	124.638
1920	1944	119.65000000000002
1888	1888	93.765
1888	1888	93.76499999999999
1888	1822	603.0440000000001
425	423	58.434999999999995
1945	1945	47.462999999999994
1945	1945	47.463
1945	1827	385.588
959	910	190.778
984	1241	1293.4979999999998
984	1674	118.548
984	981	154.069
1942	1941	7.941
1946	1853	217.345
1827	473	226.828
1827	1941	559.912
1827	1945	385.58799999999997
1827	1947	54.955000000000005
1947	1827	54.955
1530	1948	389.709
1530	1949	601.5310000000001
1530	1528	71.251
1917	1910	289.259
1917	1912	125.833
382	379	203.36
1652	1395	2.696
1652	1910	93.922
1652	1950	79.631
66	1558	506.71000000000004
66	64	2294.586
66	1882	321.072
1790	1951	260.764
1790	1948	71.782
1790	1788	294.66200000000003
1796	727	182.175
1796	1948	202.703
1796	1511	200.635
1952	822	2169.8400000000006
1770	1036	70.127
1799	1798	85.66
1799	727	167.739
333	330	83.597
341	339	191.695
341	1802	90.56400000000001
1793	743	111.509
1793	1916	112.716
1793	1953	283.11400000000003
1547	1581	811.249
1547	1918	3205.608
1547	746	4166.279
1953	1910	134.166
1953	1954	196.369
1953	1793	283.114
718	1930	3858.5759999999996
718	42	1689.6699999999998
718	744	719.9689999999998
1907	1955	88.247
1907	1906	135.61700000000002
1907	1950	272.466
1956	1955	28.718
729	845	148.16200000000003
729	1148	96.16699999999999
729	728	184.274
1892	1890	23.497
1892	1891	23.928
1892	1902	102.083
1910	1909	127.656
1910	1652	93.922
1910	1953	134.16600000000003
1910	1917	289.259
340	338	116.193
399	1506	54.071
1912	1911	33.268
1912	1915	69.261
1813	1913	22.401
1813	1957	212.575
1813	1811	228.58299999999997
1916	1915	108.75
1916	1793	112.716
1916	1913	125.279
1958	1271	62.635
1958	522	79.858
1958	1959	96.612
1958	1707	146.881
1948	1796	202.703
1948	1790	71.78200000000001
1948	1530	389.709
1913	1908	244.421
1913	1813	22.401
1913	1916	125.279
1098	1097	51.292
1546	1545	1388.474
1546	1478	335.90399999999994
1957	1813	212.57500000000002
837	780	68.403
727	726	85.343
727	1796	182.175
1954	1953	196.369
1023	593	3216.351
1023	997	116.82499999999999
1023	1478	353.75600000000003
476	466	53.716
476	1527	11.258000000000001
476	474	36.595
1960	1619	156.391
870	948	12.15
870	947	100.61699999999999
870	689	112.375
1184	1795	799.968
1184	1182	972.598
1184	1939	862.5050000000001
1318	688	102.63399999999999
1961	1962	25.646
1961	478	32.42
1961	89	26.728
954	953	113.492
954	939	616.977
954	1412	1595.358
954	1617	2416.373
1963	1403	45.479
1619	1960	156.391
1619	1623	200.07299999999998
1619	1618	261.053
1895	1638	158.334
1895	1346	171.258
1895	1964	183.742
1964	1964	76.35900000000001
1964	1895	183.742
1335	1333	701.553
1403	1402	64.807
1403	1963	45.479
1403	1407	62.836
1965	1889	115.318
1889	1965	115.318
1889	1822	78.322
1889	1899	219.20699999999997
1104	1961	26.499
1104	1962	34.02
1580	1966	14.405000000000001
1967	1968	9.743
892	1921	2079.543
892	893	19.181
892	890	29.576
1966	1969	17.685
1966	1128	47.024
1970	1344	13.136
1970	676	327.13800000000003
1959	1958	96.612
1361	1359	153.209
1971	1879	124.74499999999999
1971	1967	9.456
1968	1972	40.561
1968	1580	15.253
1569	1567	558.837
1973	784	219.504
784	1362	1582.2830000000001
784	783	384.721
784	1973	219.504
187	62	116.38
1937	1568	575.576
1492	1491	97.933
1492	1160	103.376
1492	1490	33.162
1974	421	130.584
1974	657	103.46
1974	1975	125.458
1976	1977	127.636
1976	1978	59.14
1976	1979	91.90899999999999
1976	1980	51.974000000000004
1977	974	92.172
1977	1976	127.636
1977	1981	90.479
1026	1406	92.997
1026	1982	93.24600000000001
1026	1025	78.239
261	1406	106.
261	973	111.649
261	259	142.863
261	266	38.71
1163	853	17.156
1163	852	234.281
973	971	83.822
973	261	111.64899999999999
973	262	27.876
1779	1780	6.87
1779	1777	126.618
1779	1978	96.18700000000001
181	181	56.364
181	180	120.436
974	975	81.07
974	1977	92.172
974	971	83.237
974	1983	49.862
1984	1271	59.518
1271	1196	43.404
1271	1958	62.635
1271	1984	59.518
1985	574	139.375
1986	1987	85.473
1975	1974	125.45799999999998
1854	1855	68.706
1854	1852	135.899
1854	1836	342.087
1436	1328	164.748
1436	1435	177.471
638	790	26.665
638	1348	141.86599999999999
638	636	429.63800000000003
1494	1461	17.984
1988	1847	31.107
1988	1989	107.56
1988	1990	99.151
297	222	67.754
297	1991	171.856
297	223	115.979
1991	297	171.856
1991	1992	115.77000000000001
1991	370	115.779
979	648	277.2
979	1172	2605.8840000000005
979	978	4976.840999999998
1990	1988	99.151
1767	1585	43.602999999999994
1767	1585	89.81799999999998
1767	493	93.747
1605	1602	2375.1660000000006
1605	594	1818.6709999999998
1605	1135	3302.0809999999997
1992	1991	115.77000000000001
1992	1538	66.68
1992	371	101.76
1919	1801	193.81599999999997
1919	1918	311.884
1919	1918	431.75300000000004
1347	1693	190.77700000000002
1347	1714	598.158
1347	1241	1544.7429999999997
1993	1794	69.024
1994	1537	33.174
1794	1383	3957.1820000000002
1794	1554	54.196
1794	1993	69.024
1537	1994	33.174
1537	1536	112.62899999999999
1537	1987	115.829
1995	1996	235.952
1995	1137	262.631
1995	1997	103.32
1869	225	156.095
1137	1103	2597.0930000000003
1137	1076	73.126
1137	1995	262.631
1131	1998	18.655
1131	587	173.161
1131	1499	21.675
223	297	115.979
223	81	67.512
223	370	172.481
1499	1998	19.64
1499	1454	99.56500000000001
1499	1131	21.675
1585	1767	89.818
1585	1767	43.602999999999994
1585	1584	101.485
1209	1999	147.841
1209	2000	88.408
1209	286	63.058
1778	1777	2.751
1778	1982	106.154
1778	2001	82.146
1979	2001	23.42
1979	260	81.37
1979	1976	91.90899999999999
1979	1981	146.75
1383	374	6402.701999999997
1383	621	2507.9460000000004
1383	1794	3957.1819999999984
1383	648	3724.8520000000003
1306	2002	299.428
1306	958	117.52000000000001
1306	1304	266.39
1178	2003	157.513
1178	1173	191.997
1999	1209	147.841
262	1981	61.667
262	259	142.401
262	973	27.876
1882	1883	194.132
1882	1881	80.536
1882	66	321.072
260	259	4.011
260	1979	81.37
260	1982	85.00399999999999
1982	1026	93.24600000000001
1982	1778	106.154
1982	260	85.004
2003	1178	157.51299999999998
1981	262	61.667
1981	1977	90.479
1981	1979	146.75
1955	2004	59.399
1955	1907	88.247
1955	1956	28.718
2002	1306	299.428
2004	1955	59.399
370	369	85.168
370	1991	115.779
370	223	172.481
1653	1395	186.98499999999999
1950	1907	272.466
1950	1652	79.631
1950	2005	60.553
2005	1950	60.553
1324	1322	190.33599999999998
371	369	27.021
371	1992	101.76
371	375	105.25200000000001
2006	2007	223.851
2006	2008	97.542
2006	124	99.246
1459	1458	7.082
1459	249	186.43800000000002
251	250	37.352
987	56	322.82
1005	874	149.89800000000002
1005	797	1793.872
1005	873	64.259
875	1314	394.989
875	872	167.16000000000003
875	846	244.26400000000004
967	966	17.233
967	106	3006.807
1253	1107	120.12899999999999
2009	1728	131.923
91	90	321.73199999999997
91	1459	94.75
1610	1483	30.755
1610	1604	87.878
1610	1604	186.81599999999997
1728	1727	261.972
1728	1731	333.167
1728	2009	131.923
148	1534	74.63499999999999
148	725	61.263000000000005
148	146	150.349
199	1135	2075.763
199	776	141.35
199	197	609.84
1408	1144	129.369
1408	1165	40.771
1408	1145	59.992000000000004
939	938	292.00399999999996
939	1872	2476.493
939	954	616.9769999999999
1300	1858	6.848
1165	1928	171.954
1165	1408	40.771
1066	1065	54.332
1066	2010	108.669
1066	956	66.782
956	855	327.805
956	1066	66.782
956	2010	140.583
2010	1066	108.669
2010	1068	54.211
2010	956	140.583
1068	1065	116.959
1068	2010	54.211
1068	2011	62.796
2012	522	104.282
522	1958	79.858
522	521	95.455
522	2012	104.282
522	1257	147.876
1409	1144	51.353
1707	1706	107.05
1707	1257	79.815
1145	1405	64.888
1145	1408	59.992000000000004
1145	1142	140.055
1273	1565	177.389
1273	1565	168.16899999999998
1273	1256	354.65799999999996
315	313	71.083
315	1463	102.119
315	1087	430.82200000000006
1463	315	102.119
1463	1462	51.48
1463	2013	56.945
1219	1557	964.2330000000001
1219	1218	575.9339999999999
1219	1082	2290.214
1978	1976	59.14
1978	1779	96.18700000000001
1978	2001	105.51599999999999
2013	1463	56.945
2014	2015	3.377
2016	770	272.27099999999996
1257	1707	79.815
1257	523	94.863
1257	522	147.876
934	1561	47.344
934	931	100.421
934	1730	246.697
1773	1772	26.593
351	1093	64.59100000000001
351	350	128.62300000000002
2017	2015	36.564
2017	674	45.569
675	674	8.826
675	2017	46.152
2018	2019	49.147
2018	2020	84.268
2018	2021	195.29300000000003
2018	2022	247.795
2023	2024	79.152
2023	886	140.233
2023	1058	27.252
2025	1632	25.041999999999998
1470	1471	71.898
1470	1469	76.57499999999999
1470	1473	184.219
1470	2026	159.985
1472	1900	179.923
1472	1471	50.746
1472	1475	189.652
833	828	236.91099999999997
265	2027	14.486
265	2028	49.359
1058	1039	262.23
1058	348	124.20100000000001
1058	2023	27.252
1633	2025	12.312000000000001
1633	2029	19.784
1901	1900	97.511
1901	1224	2031.658
1901	2030	96.23100000000001
472	472	494.00900000000007
472	472	494.009
472	470	157.361
824	809	45.179
2031	1329	87.43299999999999
1864	1020	19.705
1951	1790	260.764
1951	1812	44.7
1812	1811	3.275
1812	1951	36.243
2001	1979	23.42
2001	1778	82.14599999999999
2001	1978	105.51599999999999
983	785	130.471
983	1189	1514.662
983	981	2937.2349999999988
237	2032	381.5490000000001
237	235	672.588
237	2033	261.202
268	2034	69.576
268	1645	121.41300000000001
268	266	122.83300000000001
2034	2035	73.368
2034	268	69.576
2034	1646	109.982
1646	2036	71.157
1646	1645	77.705
1646	2034	109.982
1071	1069	74.359
1071	267	25.013
1071	2035	98.655
2036	1646	71.157
2036	2035	94.167
2036	2011	64.36
267	1071	25.013
267	266	99.812
267	972	75.523
985	1069	51.522
985	975	163.661
985	972	67.633
2035	1071	98.655
2035	1070	73.779
2035	2034	73.368
2035	2036	94.167
1070	1069	97.98
1070	2035	73.779
1070	2011	82.02300000000001
972	971	118.448
972	985	67.633
972	267	75.523
2011	1070	82.023
2011	1068	62.796
2011	2036	64.36
955	1407	216.41100000000003
955	855	279.461
955	1645	13.991999999999999
951	1115	33.509
951	946	71.943
951	1719	28.767
2037	486	85.197
2037	2038	20.232
2037	1487	42.805
894	392	140.061
2039	1238	151.865
1238	1215	75.249
1238	1826	134.445
1238	2039	151.865
113	111	120.39800000000001
1244	1297	37.128
1244	1242	65.518
2040	1102	1323.6280000000002
733	731	155.972
733	715	133.40300000000002
733	1402	254.596
1419	968	617.316
1442	1927	11.434000000000001
403	965	496.00199999999995
403	401	1697.265
403	697	558.007
2041	1627	11.608
2041	1628	139.915
989	991	56.465
989	988	107.038
989	1656	4514.515999999999
2042	1298	208.066
1246	1234	32.548
1246	1236	21.381
835	768	110.16000000000001
835	87	499.01899999999995
835	483	213.451
1730	1742	41.313
1730	121	555.297
1730	934	246.697
1102	1364	1836.5790000000004
1102	1101	1964.0030000000002
1102	2040	1323.628
925	1643	184.167
925	924	178.65800000000002
925	2043	439.37800000000004
732	731	0.875
1734	1732	174.593
2015	2044	7.592
2015	2014	3.377
2015	2017	36.564
2045	150	26.450000000000003
2045	156	58.403000000000006
489	242	22.622999999999998
489	342	106.86500000000001
536	535	159.64799999999997
1566	94	66.108
1566	1742	35.544
1507	414	105.60499999999999
1507	1742	20.750999999999998
1507	1566	39.574
1516	1549	117.939
1516	1524	96.346
1516	1514	153.296
44	43	59.752
44	567	70.076
44	327	76.215
1997	2046	256.316
1997	2007	325.376
1997	1995	103.32000000000001
124	2006	99.246
124	1810	227.753
124	117	78.70400000000001
2008	2006	97.542
2008	2046	221.836
2008	1996	317.719
2047	1810	81.851
1810	2047	81.851
1810	124	227.753
1810	1809	99.34700000000001
1810	2007	99.523
2007	2006	223.851
2007	2046	99.602
2007	1997	325.376
2007	1810	99.523
2046	1997	256.316
2046	2008	221.836
2046	1996	99.495
2046	2007	99.602
1996	1995	235.952
1996	2046	99.495
1996	2008	317.71900000000005
1535	2041	8.924
1535	1627	9.874
697	696	578.668
697	403	558.0070000000001
697	1555	47.104
1051	417	309.233
486	2037	85.197
486	485	51.879
486	671	70.126
486	673	123.106
1713	1711	316.6
1713	13	3302.81
1713	562	3545.195999999999
822	820	1603.653
822	1362	2714.1959999999995
822	1952	2169.8400000000006
1936	1923	241.34299999999996
1936	1373	67.283
1936	1922	327.40099999999995
1936	1926	201.87399999999997
1719	951	28.767
1719	1772	96.713
1719	1718	7.843
1926	386	27.021
1926	1925	123.038
1926	1936	201.87400000000002
386	1926	27.021
386	385	30.842999999999996
386	1806	143.40800000000002
299	410	86.637
299	298	20.5
299	1088	127.787
2048	1967	54.56699999999999
2048	1972	67.083
389	387	37.432
389	1805	41.699
389	1931	156.798
1931	389	156.798
1931	1805	110.506
1931	1183	112.40599999999999
1081	5	486.01899999999995
1380	1806	123.123
1380	1012	63.551
1380	1379	220.162
1012	1807	277.794
1012	1380	63.551
1012	7	393.797
9	1382	40.417
9	1251	214.464
9	6	284.607
594	592	2713.3360000000002
594	1605	1818.671
594	1378	109.871
1791	482	94.613
639	636	775.0139999999999
639	2049	1147.4600000000003
639	28	1112.662
1176	1174	38.896
1176	1702	35.11
105	703	847.521
105	139	2597.1899999999996
105	507	1612.804
105	103	114.839
13	1713	3302.8100000000004
13	978	623.385
13	12	714.8699999999999
25	49	26.844
25	1130	47.333
25	22	43.181
1134	2050	71.918
1134	2051	51.378
1134	1133	2017.4919999999997
2051	1134	51.378
1987	1537	115.82900000000001
1987	1480	88.255
1987	1538	347.818
1987	1986	85.473
1891	1890	19.901
1891	1933	50.808
1891	1892	23.928
2050	1134	71.918
844	128	197.415
653	1832	4.329
653	651	124.625
653	1844	20.001
1844	662	20.884
1844	1837	112.455
662	1832	3.99
662	661	102.702
1015	1389	20.648
1015	677	40.446000000000005
145	144	155.037
145	142	543.571
145	1479	197.448
1177	2052	173.184
1177	1174	106.07100000000001
1177	1495	253.286
1538	1987	347.81800000000004
1538	1992	66.68
1538	1536	89.934
2053	1258	93.047
1483	1610	30.755
1483	1482	23.097
1483	1603	231.791
1172	1170	36.998
1172	1169	45.686
1172	979	2605.8839999999996
1170	1172	36.998
1170	1169	23.601
1170	1369	373.80100000000004
2052	1177	173.184
1765	2054	945.942
252	1122	211.10500000000002
252	318	85.315
252	250	238.54900000000004
1021	1764	14.679
1021	2033	222.568
505	504	107.947
505	513	76.972
505	2055	264.87
2055	505	264.87
155	154	30.637999999999995
155	2014	58.81199999999999
155	151	12.099
1836	138	104.89800000000001
1836	1824	114.561
1836	1854	342.08700000000005
1836	178	422.688
2056	1853	155.672
178	646	96.17699999999999
178	175	57.233000000000004
178	1836	422.688
574	1985	139.375
574	573	81.369
574	1856	116.357
1838	1542	93.851
1751	1375	172.669
2057	1856	243.192
562	1713	3545.196
562	561	216.94400000000002
562	796	754.5799999999998
796	924	3239.0280000000007
796	562	754.5799999999998
796	795	130.635
1929	70	110.069
1208	1845	471.44899999999996
1208	649	1492.1390000000004
1208	1225	4377.821999999999
648	979	277.2
648	647	3566.6750000000006
648	1383	3724.852
950	432	60.378
950	1332	51.84100000000001
167	659	3.538
167	988	88.001
1644	1643	203.95299999999997
432	1332	25.15
432	430	26.331000000000003
1594	1591	35.684
1747	1817	3050.5789999999997
1747	1681	677.0900000000001
1747	2058	1902.5860000000002
2000	1209	88.408
2020	2059	90.534
2020	2018	84.268
2060	2020	225.284
2060	1983	197.85299999999998
2061	2019	47.141
887	2062	53.206
887	2063	33.249
887	884	54.123000000000005
127	255	8.788
127	125	479.29999999999995
2019	2064	50.904
2019	2018	49.147
2019	2061	47.141
2065	886	24.946
2066	2064	45.941
11	1748	26.004
11	1746	24.988
11	10	73.903
2059	2067	25.026
2059	2020	90.534
2059	2068	51.103
2069	2062	41.037
2063	887	33.249
2068	2059	51.103
2068	2068	338.32599999999996
2022	2070	110.836
2022	2067	51.323
2022	2018	247.795
2067	2059	25.026
2067	2022	51.323
2067	1980	77.874
1817	1714	911.155
1817	1747	3050.5789999999993
886	884	47.04
886	2065	24.946
886	2023	140.233
1857	970	59.539
1857	41	98.627
1857	1855	169.012
1677	1672	1.854
1673	1687	15.791
2064	2062	53.013
2064	2019	50.904
2064	2066	45.941
1690	1676	18.077
2024	263	42.085
2024	2060	223.563
1682	2071	2.109
2071	1690	12.812000000000001
2071	1688	36.705
2062	887	53.206
2062	2064	53.013
2062	2069	41.037
448	450	9.874
448	1850	229.52
1989	1988	107.56
1697	1866	3.394
994	920	149.122
994	1319	13.074
994	589	345.96500000000003
1867	2072	8.176
2072	1704	11.27
2072	1703	36.236000000000004
1861	1825	85.867
1847	1988	31.107
1847	1833	68.291
1847	1825	184.044
1509	1375	88.14699999999999
1509	1508	29.132
1044	427	196.279
1872	1876	108.72399999999999
1872	939	2476.493
1872	1185	282.61600000000004
464	463	15.481
464	465	17.181
464	1467	71.428
1555	1554	25.012
1555	697	47.104
1555	964	26.318
174	151	3.96
174	2073	5.244
174	157	50.695
2073	174	5.244
970	992	489.488
970	1857	59.539
970	969	606.936
1972	290	1072.161
841	840	24.953
2074	1705	38.104
2074	1870	12.294
1717	2074	8.311
1270	1720	7.94
2075	41	388.43199999999996
1721	1716	3.7880000000000003
1856	1855	455.016
1856	2057	243.192
1856	574	116.357
1726	363	30.667
1726	1722	126.339
1853	1852	98.532
1853	2056	155.672
1853	1946	217.34499999999997
893	1681	459.95199999999994
893	892	19.181
893	890	27.974
1898	1763	9.482
342	1217	34.962
342	489	106.86500000000001
342	339	43.973
1893	1935	43.903
1893	1943	62.79599999999999
1893	1890	108.464
1935	1893	43.903
1935	1944	60.882000000000005
1935	1933	120.745
765	1292	134.104
765	277	362.15000000000003
765	1285	39.794000000000004
1632	919	23.302999999999997
1943	1944	39.278
1943	1920	124.63799999999999
1943	1893	62.79599999999999
2049	639	1147.46
2049	667	60.321000000000005
41	39	2093.2340000000004
41	1857	98.627
41	2075	388.432
1944	1943	39.278
1944	1920	119.65
1944	1935	60.882000000000005
635	633	392.62
1106	1105	270.36
1106	2076	19.102999999999998
2076	1350	9.525
2077	1106	20.902
2077	2076	13.540000000000001
2078	2079	12.776
2078	165	14.213
165	140	1194.886
165	2079	14.52
1766	1865	64.844
1766	1864	10.552
2080	2081	80.532
2080	2082	78.876
2080	2083	233.13299999999998
2084	84	51.287
2084	1781	210.326
2084	2085	48.86
2086	2087	68.298
2086	2085	146.234
2021	2018	195.293
2021	2081	267.239
2021	2088	99.07300000000001
2089	1781	47.355
2089	2070	36.513999999999996
2089	2086	61.943
1880	1299	16.937
1880	2090	65.505
2081	2080	80.532
2081	2088	216.32100000000003
2081	2021	267.239
2083	2080	233.13299999999998
2083	2091	79.139
2083	2088	80.881
2054	2092	14.814
897	903	18.972
897	898	38.862
2079	2077	6.819000000000001
2070	2022	110.836
2070	2089	36.513999999999996
2070	2091	29.067
2087	2091	92.443
2087	2082	140.455
2087	2086	68.298
903	900	7.651
903	898	31.049999999999997
952	946	171.14299999999997
952	1339	11.017
2093	857	191.11499999999998
900	907	7.157
900	899	16.882
1670	532	1972.8249999999991
1670	1669	454.19599999999997
2085	2094	37.43
2085	2082	95.816
2085	2084	48.85999999999999
2082	2080	78.876
2082	2085	95.816
2082	2087	140.455
1150	1528	26.818
1150	1149	110.125
1150	1529	44.717
2094	2085	37.43
2091	2087	92.443
2091	2070	29.067
2091	2083	79.139
2088	2081	216.32100000000003
2088	2083	80.881
2088	2021	99.07300000000001
904	966	2588.886
904	909	111.24000000000001
1873	2048	72.15200000000002
1873	1879	10.062
1529	857	188.161
1529	1528	29.881999999999998
1529	1150	44.717
2090	2028	78.008
2090	214	118.33200000000001
2090	1880	65.505
1969	1971	74.55299999999998
1781	1780	89.206
1781	2089	47.355
1781	2084	210.32600000000002
1781	1980	186.654
1712	1411	146.076
1712	1711	1381.86
1712	1849	251.856
2095	2096	96.818
1980	2067	77.874
1980	1976	51.974000000000004
1980	1781	186.65400000000002
1980	1983	222.56400000000002
2097	483	11.695
2097	888	62.951
1983	1980	222.564
1983	1073	153.915
1983	974	49.862
2096	2098	48.007
2096	2095	96.818
2096	1152	86.422
1073	1983	153.915
1073	2027	55.308
1073	986	11.008
2098	2096	48.007
1914	1908	229.216
2092	238	46.522
2092	1744	15.325000000000001
1152	2099	16.654
1152	2096	86.422
1152	305	35.359
2099	1152	16.654
1433	1327	89.247
1433	2100	95.45200000000001
2100	1433	95.45199999999998
2029	2025	26.299
2029	1420	235.039
1600	1599	306.531
54	1759	37.459
54	52	136.691
54	182	32.221000000000004
1667	1666	101.679
1667	1590	341.026
1667	1577	44.196
1420	993	2.867
1420	2029	235.039
1420	869	291.465
1022	2101	9.177
1949	1530	601.531
1421	1759	222.70400000000004
1421	993	325.839
1295	1267	125.71100000000001
1295	1297	140.41799999999998
543	1232	165.526
543	1621	168.75300000000001
543	541	190.178
1590	274	153.37399999999997
1590	1658	109.51399999999998
1590	1397	92.404
1590	1667	341.02600000000007
1850	450	224.882
1850	1848	1601.9729999999997
362	375	51.594
362	360	189.327
362	1536	95.062
2038	487	31.597
2038	2037	20.232
2038	1486	120.972
1886	1484	817.13
1745	1969	157.832
1745	1129	11.607
238	1744	45.709
238	235	125.257
461	47	6.533
461	1843	236.43599999999998
461	459	113.606
923	687	29.644
923	922	75.91
1156	1802	115.60399999999998
1156	1303	34.245999999999995
1303	1302	22.089
1303	1157	31.71
1628	1626	9.707999999999998
1628	854	85.18100000000001
1628	1301	130.342
1487	672	34.892
1487	2037	42.805
1487	1485	133.266
487	1422	54.882
487	2038	31.597
487	485	84.991
2101	1765	42.699
2101	1898	11.596
449	888	11.126
449	2097	63.226
295	889	9.521
295	882	266.412
295	292	62.352000000000004
1627	1535	9.874
1627	295	220.96699999999998
1627	331	62.003
2102	383	686.866
672	671	109.803
672	1487	34.892
672	1485	219.61800000000002
1635	1842	774.459
1635	2054	11.030999999999999
673	488	41.714
673	486	123.106
673	671	166.131
1486	2038	120.972
1486	1485	69.376
1486	488	529.216
488	673	41.714
488	1486	529.2159999999999
488	485	152.73999999999998
488	527	33.822
921	919	347.471
921	1962	14.821000000000002
921	869	268.27
869	868	63.489000000000004
869	1420	291.465
869	921	268.27000000000004
84	82	235.59300000000002
84	2084	51.287
84	1642	152.726
84	1122	162.092
383	2102	686.866
383	1758	466.4030000000001
383	379	228.647
2027	265	14.486
2027	1073	55.308
216	214	65.369
216	21	55.374
216	1299	78.655
2028	2090	78.008
2028	215	158.62699999999998
2028	265	49.358999999999995
1074	217	43.76
1074	1072	57.864
1074	2027	205.491
1782	396	948.4780000000001
1122	84	162.092
1122	252	211.105
1122	1121	182.054
80	31	3.652
80	79	100.824
80	1437	117.272
2103	2103	115.90299999999999
2103	2103	115.90300000000002
2103	1382	249.297
1382	9	40.417
1382	1378	128.442
1382	2103	249.297
1877	480	16.012
1877	479	87.50200000000001
2104	552	146.694
1431	1434	56.438
1431	1430	45.256
1962	1961	25.646
1962	921	14.821
1329	1326	23.658
1329	2031	87.43299999999999
1329	1431	140.856
1067	1065	54.696
1067	2105	56.481
1067	2106	134.592
2106	1067	134.592
2107	2105	142.597
2105	1067	56.481
2105	2107	142.597
2105	217	72.64500000000001
857	856	144.832
857	1529	188.16100000000003
857	2093	191.11499999999998
2108	1446	367.879
1446	943	79.31099999999999
1446	1445	282.479
1446	2108	367.879
89	478	35.25
89	1961	26.728
89	86	176.47
1878	2109	164.27700000000002
1878	15	108.28999999999999
1878	1830	63.887
859	856	72.478
849	1609	99.818
849	847	302.3
849	1826	704.1350000000001
1050	2078	5.989
1096	1095	11.33
1096	770	90.77599999999998
834	87	29.384
834	1527	57.176
834	2110	48.35
770	1096	90.776
770	2016	272.27099999999996
770	769	441.21099999999996
2111	2110	78.01599999999999
2112	2113	92.546
2112	1998	151.12
570	586	42.064
570	571	133.54500000000002
586	2112	21.208
586	585	132.096
1998	1499	19.64
1998	1131	18.655
1998	2114	104.72499999999998
24	1650	52.707
24	2115	213.53500000000003
24	22	150.149
24	609	100.739
1650	1498	21.773
1650	24	52.706999999999994
1650	1452	42.669
552	545	25.586
552	546	9.606
552	2104	146.694
609	867	88.981
538	2116	157.92800000000005
538	597	117.048
538	535	705.2829999999999
312	1756	79.871
312	1757	105.016
312	309	62.230000000000004
1258	523	57.165
1258	2053	93.047
1258	1821	107.179
2114	774	143.05500000000004
2114	2117	94.18599999999999
2114	2113	108.38300000000001
2114	1998	104.725
1821	1820	31.4
1821	1258	107.179
1821	1868	184.625
774	773	32.107
774	2114	143.055
774	2118	93.59
774	686	64.167
1757	1756	30.163999999999998
1757	110	80.40599999999999
1757	312	105.01600000000002
1658	569	5.612
1658	1575	91.87899999999999
2115	559	12.903
2115	1111	126.828
1139	1609	6.293
1139	1138	425.717
1139	1904	150.473
1513	1514	1.514
1513	1512	176.565
1513	1573	257.899
1502	1453	5.329
1502	496	9.891
1502	2115	190.76600000000002
1453	1502	5.329
1453	1451	149.79399999999998
1453	2117	89.646
1453	2116	149.05500000000004
686	684	86.344
686	774	64.167
2118	774	93.59
2118	2117	139.84900000000002
2118	2116	89.099
2116	538	157.928
2116	2118	89.099
2116	1453	149.055
31	80	3.652
31	30	381.451
31	16	220.98199999999997
2110	832	116.577
2110	2111	78.01599999999999
2110	834	48.35
559	2115	12.903
559	557	57.007999999999996
559	495	178.233
948	870	12.15
948	1115	105.35900000000001
948	1116	90.901
83	82	10.739
83	1359	72.20400000000001
83	628	67.987
2113	1574	4.243
2113	2112	92.546
1596	1397	101.60300000000001
1596	1595	92.391
735	1404	42.795
735	730	135.62
735	1399	59.361
2044	2015	7.592
2044	2045	68.419
1298	537	8.093
1298	2042	208.066
1374	1372	194.755
1374	1372	220.10099999999997
1374	1922	205.065
624	16	446.388
624	991	64.322
624	2109	46.76
2030	2026	37.417
2030	2026	131.90300000000002
2030	1901	96.23100000000001
376	375	294.647
2117	2114	94.18599999999999
2117	1453	89.646
2117	2118	139.849
2026	2030	37.417
2026	2030	131.903
2026	1470	159.985
59	8	1034.982
1091	1381	129.43
1091	4	105.816
1091	1090	44.77
1342	320	12.983
1342	88	116.176
1342	1340	17.781
1195	365	26.749
1195	2119	16.904
320	1342	12.983
320	681	79.422
1480	1987	88.255
1480	126	513.582
1480	1479	163.968
2043	925	439.37800000000004
348	1058	124.20100000000001
348	346	121.767
348	2024	90.604
751	749	51.358000000000004
751	1033	177.856
751	1039	145.198
1057	1017	79.199
1057	699	66.303
1057	1033	66.689
2119	1207	23.882
2119	1198	12.735
1033	1057	66.68900000000001
1033	751	177.856
1033	1031	65.289
2120	1615	167.038
1115	948	105.35900000000001
1115	1113	100.33
1115	951	33.509
558	557	74.021
558	597	78.951
558	1114	120.005
597	560	125.638
597	538	117.048
597	558	78.95100000000001
1615	2121	112.311
1615	1614	152.193
1615	2120	167.038
421	1089	85.572
421	1974	130.584
421	1381	137.883
421	420	129.129
2121	1615	112.311
2121	1616	180.47799999999998
2121	2058	76.228
57	1727	1208.478
57	55	64.905
57	56	133.80599999999998
665	667	16.750999999999998
665	2049	65.70700000000001
1045	458	275.736
1045	427	170.728
1045	2122	224.43099999999998
801	816	40.948
801	134	193.546
801	799	179.312
816	801	40.948
816	1293	74.647
816	814	386.451
1293	816	74.647
1293	812	24.513
1293	803	94.78599999999999
2109	624	46.76
2109	1878	164.27700000000002
2109	15	192.475
2058	2121	76.22800000000001
2058	1747	1902.5859999999998
2058	2123	134.864
1616	1614	25.48
1616	1617	39.655
1616	2121	180.47800000000004
1617	954	2416.3729999999996
1617	1616	39.655
1617	1614	44.628
458	457	154.918
458	529	69.28500000000001
458	1045	275.73599999999993
1017	1057	79.199
1017	757	50.424
1017	257	58.821000000000005
257	325	71.87
257	255	999.225
257	1017	58.821000000000005
1290	812	25.117
1290	1289	270.149
1290	1288	105.41299999999998
812	1293	24.513
812	1290	25.117
812	810	109.081
1386	1970	7.513999999999999
2123	2058	134.864
1289	813	109.96
1289	1290	270.149
1289	1286	326.30400000000003
1289	804	405.118
862	2124	71.152
862	2124	294.52199999999993
862	861	135.56099999999998
1797	1511	258.486
670	736	665.4320000000001
670	669	58.294
832	1527	72.577
832	828	191.
832	2110	116.577
4	3	124.673
4	1091	105.816
4	343	109.565
4	1008	202.74900000000002
920	1631	31.927
920	994	149.122
2124	862	294.522
2124	862	71.152
2124	2125	127.64300000000001
1008	1007	186.08499999999998
1008	4	202.749
1008	2125	40.676
2125	1008	40.676
2125	2124	127.643
2125	2126	359.58400000000006
836	829	68.995
836	482	130.79
836	780	139.946
1826	473	1385.7
1826	1238	134.445
1826	849	704.1350000000001
829	827	151.553
829	1413	463.91600000000005
829	836	68.995
483	2097	11.695
483	835	213.451
483	481	74.172
1923	1183	4.266
1923	1936	241.34300000000005
1923	1921	375.74199999999996
1414	1413	23.423
1414	477	24.288
1414	2122	39.008
2122	477	44.18300000000001
2122	1414	39.008
2122	1045	224.43099999999998
2032	237	381.54900000000004
2032	657	109.041
2032	2126	124.83300000000001
657	1974	103.46000000000001
657	2032	109.041
657	656	302.527
853	1163	17.156
853	1162	380.39
853	851	192.97999999999996
27	26	684.651
15	2109	192.47500000000002
15	14	84.369
15	1878	108.28999999999999
1089	1088	90.24199999999999
1089	421	85.572
1089	1589	107.855
217	1074	43.76
217	2105	72.645
217	215	24.150999999999996
21	1859	7.007
21	216	55.373999999999995
21	18	32.765
2033	2126	48.452999999999996
2033	237	261.202
2033	1021	222.56799999999996
2126	2032	124.833
2126	2033	48.452999999999996
2126	2125	359.584
1752	1517	52.698
307	350	4.767
307	322	79.93100000000001
1859	21	7.007
1859	1860	56.038000000000004
462	1843	109.296
462	334	47.866
334	462	47.866
334	319	74.241