torus_N_25
2.000 28.147
2.500 32.705
3.000 36.310
3.500 38.718
4.000 40.879
4.500 42.664
5.000 40.141
5.500 46.207
6.000 45.154
6.500 47.012
7.000 47.118
7.500 45.172
simplified_city_N_16
2.000 16.939
2.500 19.613
3.000 21.586
3.500 22.718
4.000 23.922
4.500 24.825
5.000 25.843
5.500 26.725
6.000 27.977
6.500 29.093
7.000 29.981
7.500 30.710
ring_N_25
2.000 4.885
2.500 5.154
3.000 5.305
3.500 5.183
4.000 5.208
4.500 5.179
5.000 5.035
5.500 4.925
6.000 4.962
6.500 4.563
7.000 4.604
7.500 4.703
complete_graph_N_5
2.000 8.892
2.500 9.555
3.000 9.822
3.500 10.023
4.000 10.078
4.500 10.179
5.000 10.407
5.500 10.376
6.000 10.374
6.500 10.313
7.000 10.370
7.500 10.413
delaunay_random_torus_N_25
2.000 52.126
2.500 59.124
3.000 63.714
3.500 67.506
4.000 70.038
4.500 72.225
5.000 74.097
5.500 70.657
6.000 71.872
6.500 72.692
7.000 73.567
7.500 74.063
delaunay_random_torus_N_100
2.000 177.201
2.500 193.163
3.000 217.469
3.500 236.611
4.000 252.521
4.500 266.053
5.000 252.718
5.500 259.961
6.000 266.721
6.500 271.839
7.000 276.587
7.500 280.780
grid_N_100
2.000 56.549
2.500 68.768
3.000 75.611
3.500 84.255
4.000 91.555
4.500 98.217
5.000 104.048
5.500 109.102
6.000 107.427
6.500 111.586
7.000 114.599
7.500 117.531
3cayley_tree_N_46
2.000 98.654
2.500 116.998
3.000 130.589
3.500 127.828
4.000 133.137
4.500 136.957
5.000 139.700
5.500 142.047
6.000 144.115
6.500 146.105
7.000 147.437
7.500 148.491
