1	0.0421597	x	0.0444698
1	0.0423868
2	0.062861	x	0.0598131
2	0.0632155	x	0.0602637
3	0.0793938	x	0.0838559
4	0.0923418	x	0.0869565
5	0.104746	x	0.100908
6	0.116009	x	0.113569
8	0.134692	x	0.126739
10	0.152264	x	0.146978
12	0.165768
16	0.193763
21	0.220733	x	0.231501
27	0.249252
34	0.28388	x	0.293895
44	0.320877
57	0.360247	x	0.365766
73	0.404512	x	0.397847
94	0.445956	x	0.455495
120	0.505337	x	0.513566
155	0.562415	x	0.552979
199	0.609122	x	0.602164
257	0.668754
330	0.71746
425	0.762965
547	0.803399
704	0.844644
906	0.875373
1166	0.899904
1500	0.919025
