1	0.0457135	x	0.0462963
1	0.0457901	x	0.0508772
2	0.0684994	x	0.0643967
2	0.0691344	x	0.0699357
3	0.08553	x	0.0812274
4	0.101353
5	0.114967	x	0.11081
6	0.126808
8	0.147906
10	0.166579	x	0.158096
12	0.185938	x	0.183029
16	0.213505	x	0.217909
21	0.246748	x	0.231706
27	0.280916	x	0.283879
34	0.310765	x	0.318236
44	0.356323	x	0.3798
57	0.401372	x	0.414311
73	0.451549
94	0.501219	x	0.494188
120	0.557341	x	0.550662
155	0.607218
199	0.668846
257	0.717484
330	0.761484
425	0.801154
547	0.837506	x	0.846388
704	0.867041
906	0.892148
1166	0.916746
1500	0.930457
